[1620,20]
[5745,24]
[1809,52]
[1239,56]
[456,77]
[1254,80]
[1689,104]
[2109,114]
[741,135]
[1242,155]
[2619,182]
[7899,207]
[1851,215]
[543,225]
[594,253]
[198,264]
[474,282]
[744,291]
[1596,295]
[2574,318]
[5367,335]
[10680,347]
[11301,361]
[4488,380]
[3924,384]
[2133,395]
[138,398]
[204,418]
[5253,423]
[1218,449]
[3588,475]
[2808,498]
[150,502]
[2688,527]
[11376,541]
[13197,570]
[2994,573]
[2766,574]
[2880,604]
[1089,606]
[3606,627]
[5877,642]
[4680,663]
[6132,687]
[3168,709]
[1209,724]
[2493,730]
[1251,756]
[1086,761]
[2916,774]
[2916,801]
[738,814]
[6231,830]
[3789,847]
[3249,872]
[2811,875]
[747,876]
[537,884]
[2568,885]
[2892,905]
[2421,924]
[1707,927]
[231,953]
[3078,959]
[6423,983]
[3525,1011]
[3165,1014]
[213,1030]
[1665,1059]
[120,1062]
[1770,1086]
[1743,1096]
[1653,1106]
[1488,1118]
[3096,1134]
[4494,1142]
[7620,1158]
[6753,1176]
[5379,1188]
[5028,1214]
[5352,1216]
[3894,1245]
[4161,1255]
[4905,1277]
[543,1293]
[7905,1311]
[1128,1327]
[1698,1330]
[2595,1335]
[6459,1351]
[324,1368]
[4776,1381]
[5475,1383]
[5964,1389]
[5877,1418]
[2451,1420]
[1497,1448]
[1185,1456]
[747,1473]
[474,1484]
[1452,1489]
[2202,1495]
[5493,1507]
[4461,1534]
[6486,1558]
[1440,1580]
[3081,1590]
[2337,1613]
[888,1618]
[6588,1644]
[978,1654]
[2187,1677]
[1929,1705]
[3015,1732]
[2751,1752]
[4242,1762]
[5052,1792]
[768,1794]
[4206,1816]
[3945,1838]
[2121,1856]
[138,1859]
[2706,1871]
[2250,1893]
[1527,1894]
[711,1910]
[3078,1939]
[2430,1959]
[3891,1970]
[2046,1991]
[1419,2001]
[897,2028]
[3162,2048]
[4329,2067]
[1479,2079]
[2292,2106]
[873,2124]
[789,2132]
[1638,2159]
[657,2175]
[1779,2185]
[1248,2210]
[2427,2212]
[3297,2213]
[4284,2230]
[1542,2249]
[1728,2272]
[894,2296]
[4761,2316]
[1521,2330]
[2400,2344]
[2535,2371]
[1587,2393]
[696,2406]
[2514,2435]
[2532,2460]
[1359,2480]
[3345,2486]
[4542,2506]
[6588,2513]
[6957,2538]
[4638,2546]
[2613,2552]
[525,2555]
[7092,2584]
[2352,2593]
[3405,2614]
[3183,2639]
[5019,2653]
[2298,2675]
[642,2677]
[561,2697]
[69,2700]
[2385,2707]
[3093,2728]
[2739,2739]
[2670,2741]
[2553,2743]
[4797,2753]
[5103,2782]
[4002,2789]
[2103,2811]
[1872,2829]
[1179,2846]
[1845,2861]
[3333,2891]
[5037,2917]
[408,2927]
[1905,2931]
[12537,2935]
[297,2962]
[111,2990]
[276,3016]
[3060,3031]
[2154,3048]
[435,3049]
[3945,3078]
[2394,3089]
[450,3100]
[2574,3112]
[2760,3132]
[4614,3150]
[6261,3178]
[5604,3185]
[5496,3200]
[5067,3220]
[4083,3239]
[804,3250]
[534,3252]
[2064,3270]
[3705,3273]
[3813,3277]
[4245,3279]
[9798,3286]
[5418,3310]
[1578,3319]
[666,3320]
[618,3337]
[114,3363]
[8709,3380]
[8523,3395]
[3561,3405]
[5535,3422]
[5844,3427]
[4125,3454]
[3366,3457]
[1131,3473]
[1023,3501]
[1374,3502]
[3468,3505]
[1047,3534]
[1179,3550]
[2574,3580]
[1851,3588]
[2571,3606]
[1743,3629]
[1260,3637]
[915,3652]
[4563,3671]
[3357,3683]
[2943,3713]
[2106,3714]
[1785,3726]
[2616,3747]
[2082,3760]
[924,3784]
[2433,3790]
[3282,3794]
[5511,3808]
[5976,3831]
[4812,3843]
[4365,3855]
[711,3867]
[3465,3878]
[3918,3891]
[3057,3911]
[3615,3914]
[3792,3935]
[2592,3951]
[2673,3974]
[1329,3987]
[2730,3989]
[3246,4003]
[4917,4013]
[6129,4015]
[9633,4040]
[4206,4061]
[1302,4066]
[1017,4070]
[516,4082]
[3675,4103]
[1413,4120]
[906,4137]
[5181,4150]
[888,4174]
[42,4185]
[3405,4214]
[69,4241]
[1035,4246]
[9030,4262]
[3753,4287]
[1572,4298]
[2529,4326]
[2454,4343]
[1674,4345]
[4086,4352]
[6087,4379]
[1374,4385]
[303,4402]
[4155,4406]
[4638,4410]
[2868,4439]
[285,4459]
[69,4487]
[603,4504]
[180,4519]
[156,4534]
[2337,4556]
[2778,4563]
[321,4589]
[558,4618]
[2298,4623]
[2538,4646]
[5199,4669]
[1911,4680]
[2304,4706]
[2526,4716]
[4413,4717]
[5610,4738]
[1449,4749]
[5550,4754]
[4437,4780]
[3597,4800]
[5322,4829]
[2511,4834]
[1401,4837]
[285,4846]
[687,4868]
[5814,4898]
[2889,4902]
[1446,4903]
[1536,4919]
[3960,4922]
[8178,4928]
[1623,4956]
[2931,4971]
[3495,4989]
[2829,5010]
[2049,5015]
[5469,5022]
[6261,5045]
[609,5061]
[1626,5090]
[4641,5120]
[2877,5131]
[351,5155]
[852,5170]
[1164,5180]
[10686,5198]
[10767,5201]
[14058,5215]
[10395,5232]
[5445,5235]
[3456,5242]
[2085,5258]
[3057,5273]
[1722,5293]
[351,5297]
[1998,5313]
[4506,5343]
[1137,5365]
[1131,5387]
[2091,5404]
[81,5424]
[276,5434]
[546,5453]
[1995,5474]
[1170,5491]
[1260,5517]
[1305,5533]
[390,5563]
[1392,5574]
[1974,5604]
[357,5621]
[441,5623]
[642,5631]
[4698,5660]
[1944,5689]
[1266,5708]
[186,5724]
[870,5731]
[10071,5757]
[216,5762]
[2394,5789]
[21,5797]
[3429,5827]
[1266,5833]
[2097,5847]
[7272,5875]
[2685,5884]
[321,5909]
[822,5938]
[1935,5952]
[2934,5970]
[3072,5999]
[7386,6022]
[4443,6030]
[1674,6034]
[1506,6043]
[2805,6056]
[2175,6078]
[105,6079]
[537,6107]
[153,6120]
[9,6126]
[1146,6132]
[6063,6150]
[2262,6175]
[1233,6176]
[291,6184]
[108,6187]
[1665,6197]
[5115,6202]
[6771,6221]
[5754,6233]
[3993,6256]
[3450,6260]
[354,6289]
[630,6294]
[1512,6301]
[1179,6330]
[990,6337]
[930,6338]
[2493,6350]
[8652,6371]
[4800,6383]
[5703,6407]
[393,6422]
[5328,6443]
[4134,6453]
[498,6463]
[2463,6486]
[1371,6494]
[867,6504]
[1845,6516]
[5112,6534]
[1872,6549]
[318,6553]
[1926,6575]
[1449,6595]
[570,6618]
[645,6626]
[2310,6640]
[5511,6662]
[705,6689]
[1740,6705]
[4686,6725]
[273,6740]
[504,6749]
[1452,6753]
[4611,6766]
[909,6791]
[4137,6800]
[4629,6809]
[4959,6833]
[3999,6849]
[774,6857]
[2004,6859]
[2208,6867]
[2811,6896]
[927,6903]
[1329,6906]
[2013,6931]
[2472,6961]
[1233,6983]
[780,6991]
[1326,7008]
[780,7033]
[3042,7050]
[114,7077]
[2319,7105]
[3891,7107]
[6279,7108]
[7182,7123]
[10641,7145]
[9189,7154]
[2274,7165]
[6213,7173]
[9693,7202]
[6186,7227]
[1392,7251]
[1179,7256]
[2313,7281]
[231,7287]
[2382,7310]
[1767,7340]
[5829,7361]
[7056,7386]
[5889,7392]
[1395,7393]
[735,7398]
[2646,7412]
[2631,7435]
[1995,7449]
[8235,7463]
[11166,7492]
[6327,7496]
[8427,7504]
[9225,7514]
[5688,7540]
[7782,7543]
[5211,7572]
[1638,7588]
[4695,7609]
[5937,7636]
[2211,7642]
[705,7643]
[4194,7656]
[543,7686]
[63,7716]
[480,7720]
[507,7728]
[5067,7752]
[3882,7777]
[3627,7779]
[309,7784]
[585,7790]
[759,7792]
[3240,7795]
[6495,7819]
[9099,7825]
[10221,7829]
[7311,7859]
[1677,7875]
[8076,7895]
[1137,7911]
[2064,7923]
[2070,7946]
[3792,7957]
[1269,7979]
[1065,8000]
[2778,8009]
[4500,8024]
[837,8049]
[3432,8079]
[60,8105]
[171,8119]
[600,8122]
[2079,8142]
[4308,8147]
[3165,8173]
[1356,8188]
[1305,8194]
[828,8202]
[1035,8214]
[4725,8237]
[4296,8254]
[390,8268]
[756,8269]
[4215,8285]
[951,8302]
[684,8330]
[573,8354]
[4461,8357]
[5043,8379]
[3174,8408]
[1248,8415]
[9387,8419]
[9417,8422]
[6648,8451]
[5694,8454]
[4950,8457]
[3285,8463]
[3048,8476]
[2151,8487]
[462,8503]
[72,8526]
[2532,8554]
[5286,8556]
[11142,8559]
[14505,8571]
[5172,8592]
[4941,8613]
[7113,8629]
[6261,8649]
[3090,8654]
[1116,8668]
[912,8678]
[1029,8707]
[624,8718]
[828,8744]
[1221,8755]
[288,8779]
[3843,8782]
[6306,8796]
[2562,8818]
[1146,8828]
[315,8832]
[2106,8846]
[6822,8847]
[8124,8867]
[7440,8882]
[1410,8893]
[4083,8910]
[3618,8939]
[3939,8943]
[1125,8973]
[3639,8991]
[3690,9021]
[2601,9026]
[1635,9028]
[2223,9041]
[5160,9070]
[15,9077]
[102,9090]
[2805,9104]
[834,9127]
[1122,9147]
[6855,9156]
[8292,9172]
[7536,9189]
[75,9201]
[2229,9208]
[4065,9236]
[1842,9251]
[2004,9276]
[2559,9297]
[6594,9312]
[13407,9334]
[1914,9348]
[861,9361]
[2898,9391]
[858,9396]
[4824,9399]
[5394,9422]
[4533,9441]
[6579,9466]
[3387,9485]
[1065,9505]
[10986,9512]
[729,9538]
[780,9563]
[2535,9592]
[3669,9622]
[1509,9627]
[1968,9629]
[11457,9644]
[5283,9661]
[195,9669]
[3924,9689]
[7929,9698]
[5313,9720]
[4017,9745]
[3768,9753]
[1014,9755]
[99,9768]
[9030,9784]
[7434,9806]
[2982,9811]
[273,9814]
[558,9836]
[2613,9838]
[5985,9842]
[8553,9852]
[2028,9879]
[2583,9885]
[5991,9905]
[486,9918]
[5172,9941]
[4662,9961]
[735,9965]
[3672,9988]
[726,10001]
[633,10012]
[2967,10029]
[1707,10043]
[1479,10054]
[336,10072]
[771,10099]
[1938,10107]
[645,10131]
[105,10144]
[822,10148]
[3093,10160]
[495,10179]
[4347,10201]
[321,10210]
[3219,10218]
[4743,10235]
[1374,10254]
[2334,10277]
[321,10287]
[1842,10292]
[2082,10301]
[513,10324]
[1215,10329]
[1260,10335]
[1473,10344]
[2217,10370]
[228,10383]
[741,10406]
[2466,10435]
[1296,10442]
[609,10453]
[4686,10463]
[3168,10488]
[4290,10490]
[4656,10516]
[2241,10531]
[1863,10549]
[216,10560]
[252,10589]
[1833,10616]
[1179,10620]
[1209,10632]
[5901,10635]
[9456,10658]
[1539,10674]
[2397,10683]
[1443,10713]
[744,10733]
[489,10748]
[1230,10761]
[2433,10786]
[180,10801]
[2532,10803]
[4029,10806]
[4848,10832]
[4437,10840]
[1986,10866]
[1014,10882]
[291,10894]
[1767,10901]
[5880,10911]
[237,10936]
[1998,10948]
[14034,10972]
[10797,10990]
[930,10993]
[720,11019]
[2628,11034]
[3069,11039]
[3321,11062]
[3117,11071]
[33,11074]
[3717,11081]
[5736,11099]
[2847,11129]
[2562,11134]
[513,11161]
[1098,11179]
[1551,11183]
[1848,11210]
[1761,11230]
[384,11237]
[612,11238]
[1488,11249]
[1863,11262]
[4479,11266]
[7611,11271]
[1434,11298]
[3261,11301]
[5460,11304]
[7851,11323]
[1488,11339]
[4260,11356]
[11364,11363]
[1893,11387]
[9573,11404]
[270,11418]
[1107,11437]
[7098,11440]
[7572,11459]
[3576,11471]
[3420,11473]
[477,11493]
[1908,11495]
[4440,11505]
[3381,11535]
[4551,11552]
[3222,11570]
[2421,11589]
[4014,11602]
[915,11620]
[2964,11650]
[2712,11651]
[4491,11662]
[1002,11684]
[1731,11704]
[330,11721]
[96,11722]
[2004,11733]
[1566,11757]
[855,11763]
[1629,11793]
[534,11800]
[831,11813]
[4809,11818]
[4815,11847]
[789,11849]
[873,11866]
[564,11881]
[1344,11887]
[1761,11914]
[813,11923]
[4767,11942]
[3192,11955]
[7734,11973]
[2034,11988]
[3234,12012]
[10044,12038]
[420,12044]
[783,12067]
[5364,12068]
[6129,12070]
[6825,12082]
[8670,12103]
[6678,12113]
[1755,12119]
[240,12131]
[159,12151]
[4695,12158]
[6168,12187]
[3585,12189]
[3345,12212]
[1776,12224]
[2220,12254]
[2247,12283]
[5430,12289]
[303,12317]
[852,12337]
[489,12359]
[1227,12379]
[2727,12397]
[840,12412]
[2919,12429]
[5100,12448]
[72,12467]
[2439,12482]
[2427,12511]
[240,12517]
[1383,12522]
[3924,12537]
[153,12554]
[3474,12563]
[6009,12569]
[6894,12599]
[6672,12608]
[5184,12616]
[3444,12623]
[1095,12624]
[3459,12653]
[207,12676]
[2559,12688]
[3915,12717]
[1692,12729]
[2040,12756]
[2493,12765]
[3822,12768]
[4212,12770]
[12912,12793]
[9279,12801]
[303,12805]
[1500,12829]
[2412,12839]
[3123,12848]
[3063,12873]
[351,12882]
[3597,12909]
[108,12936]
[705,12940]
[5250,12952]
[4488,12977]
[381,12982]
[5268,12995]
[3393,13013]
[21,13025]
[1182,13055]
[1059,13080]
[1908,13086]
[609,13114]
[2097,13116]
[2451,13119]
[4491,13131]
[1224,13157]
[1800,13168]
[6987,13197]
[561,13212]
[723,13231]
[441,13260]
[447,13277]
[1767,13290]
[2934,13291]
[5676,13317]
[1371,13332]
[7773,13334]
[8253,13355]
[2310,13366]
[1881,13367]
[2541,13379]
[4653,13385]
[9756,13407]
[8196,13419]
[1194,13431]
[1161,13454]
[3327,13475]
[3933,13482]
[2943,13509]
[1860,13512]
[2652,13520]
[8556,13523]
[8955,13528]
[9216,13556]
[2796,13559]
[2943,13574]
[5061,13582]
[5637,13611]
[9249,13627]
[6177,13647]
[4740,13650]
[1146,13662]
[5373,13681]
[3435,13702]
[984,13703]
[8307,13709]
[9195,13738]
[9060,13746]
[2760,13747]
[2742,13760]
[2076,13774]
[471,13788]
[516,13818]
[2736,13822]
[3498,13839]
[1266,13855]
[5238,13860]
[6006,13872]
[2742,13892]
[1812,13898]
[3264,13905]
[6840,13913]
[6777,13942]
[3891,13946]
[906,13955]
[294,13969]
[3141,13996]
[1707,14003]
[366,14010]
[4344,14036]
[1179,14042]
[306,14068]
[9513,14089]
[690,14104]
[8970,14133]
[8046,14144]
[945,14148]
[516,14175]
[6,14178]
[3369,14183]
[3186,14211]
[2427,14236]
[1152,14242]
[3780,14260]
[5160,14267]
[6816,14269]
[168,14298]
[1983,14315]
[1701,14344]
[357,14355]
[2250,14368]
[6360,14397]
[5226,14410]
[2229,14428]
[351,14450]
[3594,14455]
[2979,14482]
[774,14506]
[2370,14520]
[1884,14537]
[8955,14546]
[1467,14569]
[1197,14580]
[285,14602]
[414,14631]
[2949,14643]
[3597,14660]
[3531,14674]
[3378,14682]
[1146,14686]
[2460,14703]
[4107,14724]
[2082,14734]
[1113,14739]
[1548,14747]
[3030,14773]
[3318,14781]
[5319,14807]
[9789,14811]
[6405,14838]
[219,14839]
[3603,14860]
[636,14877]
[9066,14905]
[1239,14910]
[2049,14937]
[2424,14965]
[1158,14971]
[1011,14994]
[4347,14999]
[12246,15017]
[7956,15033]
[4764,15061]
[2589,15087]
[852,15093]
[4659,15121]
[1992,15135]
[4089,15162]
[708,15183]
[5946,15204]
[4845,15220]
[2463,15243]
[1506,15264]
[591,15288]
[2544,15315]
[384,15338]
[12042,15347]
[11898,15377]
[5718,15382]
[2400,15390]
[1356,15409]
[294,15421]
[771,15430]
[1860,15455]
[2088,15475]
[5148,15485]
[11853,15498]
[4626,15524]
[8118,15528]
[8469,15548]
[3126,15564]
[783,15593]
[594,15622]
[3642,15648]
[345,15662]
[5550,15674]
[1113,15696]
[1206,15701]
[2781,15731]
[186,15732]
[1566,15759]
[1098,15779]
[258,15789]
[1017,15813]
[435,15823]
[2019,15828]
[3213,15833]
[3759,15839]
[5346,15851]
[4788,15870]
[861,15887]
[792,15892]
[906,15911]
[2658,15937]
[2631,15958]
[1224,15973]
[9795,15999]
[2559,16020]
[1443,16043]
[2622,16052]
[2658,16082]
[1014,16095]
[1182,16096]
[5460,16101]
[2061,16128]
[1446,16137]
[8400,16147]
[9927,16177]
[5217,16184]
[3171,16193]
[3813,16199]
[5019,16205]
[1242,16231]
[318,16246]
[780,16262]
[507,16277]
[3105,16285]
[2520,16308]
[2343,16330]
[2109,16331]
[1191,16358]
[63,16383]
[1617,16398]
[2418,16424]
[2238,16433]
[1560,16439]
[9270,16458]
[4500,16482]
[3510,16509]
[1182,16511]
[2985,16537]
[6594,16559]
[2013,16577]
[3603,16592]
[2220,16617]
[1203,16618]
[345,16645]
[2064,16661]
[1161,16682]
[2226,16704]
[6201,16715]
[6294,16727]
[1827,16753]
[840,16774]
[1428,16790]
[4212,16817]
[2967,16821]
[2514,16822]
[3243,16843]
[3384,16861]
[3120,16881]
[1050,16893]
[2619,16908]
[2259,16925]
[1629,16928]
[771,16940]
[3777,16948]
[4494,16977]
[1764,16984]
[36,16991]
[3051,17003]
[426,17033]
[327,17054]
[1035,17072]
[9837,17094]
[6027,17103]
[1251,17117]
[507,17121]
[204,17139]
[2373,17163]
[759,17189]
[3810,17208]
[1245,17229]
[6174,17242]
[3327,17261]
[1416,17291]
[2088,17310]
[807,17327]
[474,17354]
[2835,17363]
[1137,17392]
[3621,17401]
[11238,17425]
[420,17437]
[4473,17465]
[4299,17470]
[3141,17475]
[993,17485]
[3441,17487]
[5106,17504]
[3594,17530]
[1872,17538]
[2655,17562]
[4035,17566]
[6237,17569]
[1572,17598]
[405,17605]
[603,17608]
[2220,17626]
[4068,17635]
[8778,17649]
[5223,17678]
[5370,17693]
[2679,17720]
[45,17736]
[4824,17750]
[798,17769]
[1344,17787]
[2049,17796]
[3315,17822]
[3180,17833]
[708,17848]
[2883,17876]
[321,17888]
[1035,17909]
[3306,17923]
[4638,17947]
[3759,17960]
[3183,17965]
[2871,17968]
[2781,17995]
[282,17996]
[2322,18025]
[4722,18043]
[1083,18056]
[1530,18058]
[4620,18066]
[1623,18096]
[3015,18104]
[2865,18134]
[480,18146]
[57,18172]
[960,18193]
[6507,18208]
[4299,18234]
[3831,18240]
[4446,18251]
[2931,18281]
[2139,18282]
[99,18283]
[2550,18293]
[3936,18307]
[600,18334]
[3156,18355]
[1680,18372]
[354,18400]
[1761,18423]
[2148,18429]
[4818,18451]
[3894,18461]
[264,18467]
[978,18492]
[9978,18522]
[9207,18524]
[4305,18528]
[114,18539]
[285,18566]
[3186,18572]
[4311,18577]
[4476,18588]
[693,18610]
[105,18613]
[3918,18624]
[3966,18627]
[5457,18652]
[1638,18659]
[633,18688]
[1506,18713]
[3672,18741]
[1278,18766]
[6150,18782]
[180,18808]
[1299,18812]
[2826,18819]
[5352,18828]
[4674,18851]
[4665,18860]
[2055,18868]
[363,18876]
[1155,18906]
[663,18927]
[4425,18946]
[3075,18974]
[4731,18989]
[5721,19004]
[1107,19024]
[195,19041]
[411,19043]
[1068,19044]
[1293,19048]
[276,19077]
[93,19084]
[1449,19086]
[5928,19101]
[1749,19126]
[5256,19154]
[4047,19162]
[10533,19166]
[9810,19193]
[9279,19196]
[6594,19216]
[6159,19234]
[828,19245]
[363,19270]
[3261,19291]
[1032,19306]
[1206,19318]
[3126,19341]
[3960,19362]
[2316,19378]
[1059,19394]
[4386,19400]
[9840,19415]
[11109,19424]
[14478,19453]
[5388,19460]
[2202,19473]
[5304,19489]
[1851,19505]
[2946,19515]
[3504,19526]
[4428,19538]
[7272,19543]
[9831,19547]
[2961,19574]
[2679,19575]
[657,19578]
[786,19607]
[3729,19622]
[10359,19628]
[705,19657]
[4035,19679]
[756,19703]
[429,19730]
[219,19752]
[114,19766]
[2034,19793]
[1845,19803]
[231,19809]
[2511,19815]
[3213,19837]
[798,19858]
[3363,19861]
[5343,19876]
[7200,19881]
[21837,19891]
[19467,19912]
[11454,19913]
[2307,19916]
[1773,19917]
[5448,19925]
[90,19950]
[4629,19951]
[8127,19979]
[3168,19995]
[2262,20002]
[1494,20017]
[5091,20026]
[2673,20051]
[5466,20066]
[1623,20087]
[5127,20096]
[3738,20120]
[0,20126]
[354,20139]
[921,20151]
[1812,20169]
[1917,20191]
[2721,20209]
[1551,20222]
[885,20250]
[144,20269]
[1686,20295]
[3852,20301]
[12702,20313]
[3741,20332]
[1632,20345]
[1542,20348]
[2370,20351]
[2967,20362]
[216,20392]
[1797,20404]
[483,20428]
[2004,20452]
[3249,20472]
[210,20485]
[6186,20506]
[111,20521]
[3978,20533]
[8658,20558]
[8262,20565]
[555,20566]
[2535,20589]
[834,20599]
[669,20629]
[1290,20645]
[5742,20667]
[2322,20685]
[1833,20686]
[3213,20697]
[2391,20723]
[4488,20735]
[1050,20754]
[1104,20779]
[903,20796]
[168,20826]
[225,20851]
[2409,20863]
[5022,20887]
[2889,20900]
[1782,20910]
[6756,20937]
[2661,20941]
[2379,20953]
[2907,20954]
[3030,20956]
[5406,20981]
[4722,20988]
[1386,20992]
[336,21006]
[3303,21026]
[1998,21043]
[849,21066]
[3330,21085]
[4965,21088]
[8871,21098]
[9642,21122]
[3984,21130]
[777,21137]
[3357,21165]
[2985,21178]
[2802,21179]
[894,21185]
[1794,21204]
[1533,21222]
[1125,21236]
[72,21266]
[2046,21283]
[804,21300]
[426,21314]
[324,21322]
[6069,21345]
[4941,21356]
[4620,21368]
[1641,21387]
[102,21396]
[2592,21409]
[1680,21435]
[1401,21448]
[231,21456]
[2241,21486]
[621,21513]
[1911,21538]
[2766,21560]
[1095,21571]
[675,21585]
[378,21600]
[162,21622]
[1566,21637]
[2790,21662]
[768,21669]
[11922,21673]
[11631,21702]
[9156,21706]
[3120,21711]
[1401,21733]
[5109,21757]
[2349,21772]
[2196,21799]
[966,21813]
[528,21841]
[9675,21842]
[9759,21866]
[10185,21883]
[2331,21903]
[1290,21915]
[213,21940]
[504,21945]
[963,21965]
[5325,21986]
[3273,21996]
[2802,22013]
[1845,22023]
[345,22052]
[3576,22066]
[210,22095]
[1353,22114]
[285,22139]
[915,22158]
[1272,22173]
[2571,22175]
[7038,22189]
[4491,22210]
[3861,22239]
[549,22246]
[4827,22257]
[6300,22284]
[318,22289]
[507,22318]
[1566,22346]
[1137,22362]
[1797,22381]
[3495,22389]
[4059,22416]
[3330,22432]
[1701,22438]
[564,22463]
[30,22478]
[7764,22489]
[1356,22515]
[1119,22523]
[645,22553]
[9303,22566]
[8133,22584]
[6222,22585]
[2742,22597]
[1170,22603]
[2724,22628]
[4782,22635]
[5094,22644]
[3492,22670]
[1788,22671]
[1149,22682]
[2100,22694]
[219,22715]
[117,22734]
[531,22749]
[3357,22760]
[3822,22778]
[7047,22803]
[765,22831]
[2841,22836]
[3030,22849]
[1458,22870]
[1644,22886]
[3963,22907]
[141,22935]
[8340,22944]
[10335,22953]
[7566,22981]
[4059,22992]
[5289,23021]
[7221,23040]
[261,23052]
[711,23059]
[5763,23079]
[1992,23093]
[519,23119]
[1443,23146]
[2652,23160]
[2166,23184]
[2409,23204]
[4806,23225]
[4563,23236]
[2778,23259]
[1956,23261]
[3915,23274]
[6801,23286]
[5589,23307]
[3813,23323]
[2454,23346]
[723,23370]
[2169,23387]
[1671,23404]
[8046,23415]
[4146,23441]
[1521,23448]
[2412,23463]
[8961,23483]
[1638,23498]
[990,23502]
[1080,23526]
[2001,23528]
[3603,23556]
[1215,23583]
[1059,23593]
[2721,23621]
[7335,23650]
[2976,23658]
[1209,23663]
[3936,23677]
[5532,23700]
[4662,23709]
[2934,23719]
[3693,23723]
[4023,23743]
[2610,23754]
[1164,23760]
[6960,23782]
[8418,23785]
[1965,23814]
[2142,23840]
[6048,23870]
[4461,23872]
[3534,23878]
[2271,23901]
[1551,23902]
[1086,23919]
[444,23930]
[915,23935]
[921,23943]
[6750,23956]
[2085,23974]
[1302,23987]
[3372,23990]
[6411,23995]
[9087,23997]
[10500,24000]
[2883,24029]
[1017,24031]
[2415,24044]
[6513,24046]
[3201,24075]
[657,24093]
[1431,24116]
[2847,24140]
[6417,24163]
[4992,24172]
[2535,24183]
[1014,24190]
[1068,24204]
[6585,24224]
[4467,24236]
[1038,24251]
[1959,24276]
[2064,24290]
[4362,24298]
[1188,24321]
[126,24328]
[10197,24357]
[495,24366]
[618,24376]
[2817,24392]
[303,24418]
[243,24431]
[9204,24456]
[8676,24463]
[5667,24466]
[3915,24471]
[2088,24498]
[3792,24512]
[6261,24514]
[8655,24530]
[10065,24556]
[1257,24563]
[1836,24590]
[21,24615]
[2439,24626]
[3441,24627]
[6054,24644]
[6045,24667]
[1848,24673]
[1098,24681]
[4497,24710]
[5604,24716]
[69,24742]
[1332,24745]
[1746,24763]
[1344,24790]
[915,24809]
[213,24818]
[3414,24832]
[498,24849]
[5025,24878]
[327,24887]
[3756,24917]
[204,24926]
[3483,24939]
[3489,24961]
[2229,24985]
[2169,25001]
[831,25013]
[2247,25040]
[39,25049]
[1182,25055]
[1569,25083]
[1755,25108]
[1659,25134]
[1926,25161]
[1341,25171]
[1128,25185]
[1128,25213]
[4740,25225]
[2580,25248]
[3057,25260]
[564,25281]
[3762,25286]
[4503,25303]
[1911,25319]
[3549,25329]
[4179,25352]
[4116,25360]
[5376,25376]
[567,25392]
[10104,25404]
[27,25423]
[4005,25451]
[810,25454]
[909,25476]
[726,25505]
[3216,25527]
[3567,25552]
[2769,25559]
[1425,25569]
[1143,25578]
[504,25592]
[369,25613]
[7260,25627]
[1053,25647]
[399,25653]
[510,25664]
[615,25683]
[2154,25696]
[6105,25722]
[5697,25728]
[3717,25734]
[3228,25736]
[1959,25761]
[3111,25781]
[2751,25794]
[1890,25817]
[4239,25835]
[1785,25850]
[1350,25858]
[2349,25884]
[4185,25907]
[3528,25926]
[2505,25934]
[663,25959]
[1773,25969]
[657,25994]
[564,26004]
[1590,26012]
[3306,26040]
[2436,26061]
[6696,26067]
[7266,26093]
[291,26110]
[1101,26124]
[1665,26142]
[471,26165]
[741,26193]
[810,26214]
[7242,26239]
[6915,26263]
[5778,26268]
[5034,26284]
[3153,26290]
[1989,26301]
[1041,26325]
[4248,26331]
[5997,26345]
[6912,26355]
[5577,26383]
[8802,26388]
[7845,26415]
[2097,26419]
[3483,26435]
[264,26450]
[3,26466]
[7032,26469]
[8376,26471]
[7203,26501]
[663,26513]
[3681,26519]
[6858,26541]
[3129,26568]
[2682,26572]
[6231,26597]
[5013,26613]
[4335,26624]
[1575,26645]
[2085,26649]
[3282,26663]
[4080,26685]
[1947,26714]
[6213,26740]
[5889,26747]
[1167,26754]
[1284,26774]
[1926,26778]
[7647,26798]
[1569,26825]
[2976,26847]
[2778,26860]
[1746,26880]
[5229,26895]
[7593,26908]
[14631,26909]
[15270,26921]
[7089,26941]
[7068,26945]
[1515,26948]
[834,26950]
[2358,26962]
[4002,26979]
[3780,26996]
[1200,27004]
[1320,27006]
[4416,27007]
[9756,27009]
[9669,27039]
[2895,27045]
[1650,27046]
[1257,27047]
[195,27064]
[2859,27094]
[6066,27102]
[6234,27115]
[4362,27142]
[2487,27151]
[7512,27165]
[5955,27192]
[2661,27203]
[3696,27212]
[3939,27213]
[4050,27221]
[1428,27248]
[6507,27252]
[5706,27282]
[3282,27286]
[1536,27296]
[5397,27316]
[180,27337]
[1335,27346]
[4311,27352]
[5163,27368]
[4608,27386]
[2616,27396]
[7323,27409]
[7179,27431]
[2994,27448]
[3042,27474]
[438,27500]
[642,27527]
[5058,27554]
[5202,27564]
[3306,27589]
[1080,27609]
[6612,27632]
[435,27645]
[2226,27675]
[1989,27705]
[1569,27716]
[1935,27733]
[12,27754]
[996,27769]
[138,27787]
[1752,27798]
[246,27820]
[1992,27822]
[3420,27841]
[84,27863]
[6489,27880]
[1380,27896]
[9801,27902]
[11457,27904]
[1485,27934]
[393,27957]
[1263,27967]
[3075,27990]
[999,28009]
[516,28014]
[822,28024]
[3381,28044]
[2007,28055]
[576,28062]
[4170,28065]
[1911,28093]
[165,28114]
[6153,28141]
[7173,28145]
[9861,28166]
[4587,28179]
[48,28180]
[2181,28207]
[864,28222]
[351,28226]
[1017,28243]
[3072,28258]
[24,28280]
[2907,28286]
[2301,28315]
[315,28335]
[4197,28346]
[1515,28369]
[1314,28383]
[276,28394]
[645,28401]
[5790,28419]
[183,28434]
[3189,28441]
[6879,28455]
[4161,28483]
[2394,28498]
[3549,28517]
[2295,28540]
[129,28556]
[234,28578]
[6684,28590]
[3504,28610]
[1467,28620]
[4875,28639]
[2175,28657]
[1911,28682]
[4371,28690]
[144,28713]
[411,28733]
[1965,28735]
[6621,28754]
[1497,28775]
[2493,28787]
[3984,28796]
[7524,28797]
[7806,28817]
[5514,28840]
[4581,28859]
[1044,28869]
[597,28888]
[2298,28896]
[2439,28909]
[4464,28923]
[3312,28942]
[3633,28944]
[4107,28961]
[4836,28984]
[1236,28993]
[849,28995]
[2802,29002]
[4158,29029]
[1608,29034]
[1935,29039]
[3174,29046]
[4971,29060]
[4536,29082]
[447,29085]
[2628,29110]
[2613,29133]
[1854,29150]
[5994,29162]
[789,29184]
[4233,29198]
[3795,29215]
[5181,29227]
[6567,29250]
[2730,29259]
[18,29268]
[2964,29294]
[3285,29303]
[6087,29309]
[4356,29334]
[2367,29346]
[1425,29370]
[6255,29400]
[4989,29403]
[1533,29413]
[3222,29433]
[1917,29449]
[1857,29478]
[7008,29506]
[2343,29511]
[2157,29512]
[207,29513]
[513,29519]
[2109,29538]
[3639,29565]
[6516,29595]
[1767,29596]
[6792,29615]
[3972,29629]
[762,29651]
[165,29679]
[54,29683]
[1176,29693]
[2634,29701]
[1257,29724]
[5202,29745]
[1656,29759]
[132,29761]
[192,29790]
[357,29820]
[2115,29829]
[5568,29853]
[2259,29860]
[3354,29864]
[10461,29885]
[387,29901]
[45,29925]
[7860,29940]
[1332,29969]
[894,29971]
[5580,29987]
[6369,29990]
[4593,30020]
[2640,30027]
[5244,30045]
[3645,30062]
[2202,30077]
[1611,30095]
[54,30109]
[492,30139]
[7638,30153]
[6324,30177]
[4845,30196]
[4059,30207]
[3009,30232]
[1524,30241]
[189,30259]
[339,30277]
[2562,30291]
[3366,30310]
[618,30338]
[801,30342]
[1386,30365]
[1785,30379]
[3705,30400]
[1569,30412]
[1788,30435]
[2556,30456]
[1458,30469]
[12144,30490]
[11196,30501]
[2520,30504]
[405,30523]
[360,30541]
[15,30566]
[708,30568]
[7350,30578]
[8829,30603]
[4959,30609]
[1041,30611]
[939,30620]
[8004,30641]
[414,30653]
[474,30682]
[1752,30700]
[249,30718]
[2715,30734]
[4767,30744]
[477,30766]
[882,30778]
[3816,30804]
[3081,30817]
[4674,30822]
[5409,30848]
[444,30858]
[585,30882]
[6282,30895]
[969,30913]
[2754,30915]
[852,30945]
[3225,30961]
[1092,30976]
[765,30982]
[846,30991]
[516,31016]
[4107,31025]
[2970,31050]
[1506,31075]
[486,31104]
[4992,31106]
[5502,31109]
[1284,31137]
[1167,31163]
[930,31170]
[297,31173]
[1920,31199]
[291,31227]
[9816,31241]
[6357,31264]
[5538,31268]
[5817,31283]
[5313,31307]
[2370,31315]
[207,31321]
[681,31326]
[4263,31342]
[1602,31365]
[801,31392]
[1284,31403]
[1986,31414]
[4032,31421]
[4806,31428]
[9780,31443]
[1932,31461]
[42,31479]
[2652,31501]
[1788,31510]
[3405,31528]
[1656,31558]
[69,31581]
[5475,31588]
[7041,31602]
[246,31621]
[663,31649]
[75,31658]
[117,31684]
[1608,31694]
[2226,31698]
[5646,31706]
[2499,31730]
[765,31739]
[309,31763]
[1332,31781]
[3783,31789]
[4740,31806]
[1812,31827]
[411,31852]
[1704,31870]
[2037,31889]
[9213,31910]
[8604,31920]
[4491,31921]
[57,31924]
[2136,31950]
[2775,31971]
[1086,31984]
[3213,31986]
[6465,32015]
[4899,32019]
[2436,32034]
[903,32057]
[483,32074]
[558,32095]
[135,32111]
[6,32120]
[5553,32125]
[5661,32138]
[4251,32159]
[4548,32180]
[3399,32198]
[3276,32205]
[516,32219]
[5928,32246]
[3909,32257]
[2742,32281]
[6567,32289]
[7953,32295]
[963,32323]
[1404,32341]
[3996,32371]
[3492,32378]
[684,32396]
[165,32401]
[2643,32429]
[4038,32431]
[5145,32437]
[1575,32466]
[30,32472]
[3504,32479]
[9015,32480]
[13659,32503]
[4902,32511]
[513,32515]
[1368,32539]
[1392,32566]
[2316,32579]
[9165,32580]
[12396,32587]
[777,32614]
[6075,32618]
[6189,32637]
[711,32649]
[1596,32678]
[1971,32692]
[3396,32711]
[3060,32731]
[1212,32753]
[1710,32757]
[3603,32785]
[1566,32802]
[2295,32817]
[1356,32839]
[4599,32850]
[2325,32871]
[2919,32880]
[2835,32910]
[822,32911]
[2052,32937]
[789,32967]
[1251,32976]
[3579,33002]
[3414,33010]
[2433,33035]
[2346,33049]
[7758,33065]
[1662,33081]
[3399,33103]
[3672,33127]
[1875,33149]
[942,33155]
[1977,33169]
[3120,33171]
[4350,33172]
[5304,33179]
[6303,33191]
[639,33213]
[774,33227]
[15,33244]
[120,33273]
[2082,33301]
[5292,33308]
[6789,33327]
[3819,33345]
[2496,33350]
[2058,33359]
[297,33375]
[2493,33398]
[3081,33418]
[6366,33422]
[2247,33451]
[5412,33464]
[4725,33487]
[3069,33491]
[2796,33494]
[507,33495]
[1662,33507]
[636,33527]
[3381,33537]
[6525,33546]
[9321,33555]
[7098,33584]
[111,33602]
[774,33612]
[1278,33620]
[2031,33641]
[2370,33668]
[312,33693]
[2535,33707]
[420,33724]
[3651,33727]
[4266,33750]
[3069,33780]
[474,33787]
[852,33813]
[3261,33830]
[3981,33834]
[5019,33863]
[8466,33866]
[11118,33896]
[1674,33898]
[3270,33924]
[3069,33940]
[4446,33942]
[12915,33943]
[20475,33955]
[5250,33974]
[5223,33978]
[3543,33981]
[2640,33993]
[3933,34017]
[1434,34026]
[1245,34055]
[108,34082]
[7650,34109]
[3624,34125]
[4719,34142]
[3207,34167]
[753,34172]
[5907,34192]
[5946,34201]
[6513,34222]
[5160,34235]
[2943,34239]
[2082,34240]
[3666,34264]
[3009,34272]
[2787,34294]
[2076,34320]
[1647,34350]
[4686,34380]
[801,34383]
[1725,34399]
[2646,34426]
[507,34434]
[327,34460]
[2181,34466]
[3738,34480]
[2175,34499]
[228,34516]
[357,34540]
[5049,34547]
[5883,34553]
[7185,34575]
[6993,34589]
[570,34593]
[1785,34619]
[777,34642]
[3054,34655]
[3438,34656]
[5106,34669]
[2874,34689]
[5718,34714]
[4716,34723]
[4008,34733]
[6129,34754]
[1848,34778]
[5805,34808]
[8394,34831]
[6333,34839]
[5073,34844]
[1101,34873]
[27,34885]
[1752,34914]
[2424,34916]
[4875,34922]
[10398,34930]
[5619,34955]
[2352,34958]
[5046,34984]
[2796,35000]
[747,35014]
[2514,35040]
[5670,35051]
[5904,35062]
[9735,35087]
[1194,35094]
[759,35115]
[1497,35144]
[1098,35147]
[4689,35176]
[7041,35204]
[6879,35226]
[1413,35228]
[1767,35242]
[2556,35264]
[3228,35273]
[7755,35275]
[8694,35294]
[7248,35306]
[1110,35318]
[225,35323]
[4743,35337]
[2769,35356]
[5490,35367]
[1974,35388]
[342,35413]
[348,35435]
[3324,35465]
[2562,35490]
[5469,35495]
[3336,35521]
[12,35522]
[33,35535]
[1773,35544]
[2745,35573]
[54,35589]
[735,35613]
[153,35639]
[618,35653]
[4521,35677]
[1665,35687]
[249,35709]
[36,35717]
[1935,35728]
[3159,35746]
[2106,35765]
[5982,35774]
[7716,35782]
[3711,35809]
[3282,35831]
[5316,35855]
[6129,35867]
[6882,35891]
[1263,35899]
[930,35904]
[78,35905]
[2424,35921]
[930,35942]
[4722,35947]
[2721,35976]
[3288,35992]
[2598,36018]
[1764,36032]
[1149,36047]
[4335,36056]
[5589,36077]
[1803,36097]
[1428,36119]
[1143,36141]
[1995,36167]
[1683,36175]
[2232,36185]
[945,36213]
[4575,36227]
[9798,36255]
[7341,36285]
[4176,36288]
[3648,36295]
[1059,36306]
[99,36336]
[96,36338]
[2868,36345]
[3876,36372]
[54,36394]
[603,36406]
[2541,36423]
[372,36445]
[2556,36448]
[4650,36465]
[8301,36493]
[3435,36511]
[10017,36540]
[1071,36549]
[2817,36568]
[1161,36587]
[1629,36611]
[855,36619]
[2661,36624]
[3564,36650]
[306,36678]
[3102,36705]
[231,36710]
[1371,36733]
[102,36753]
[513,36759]
[9540,36760]
[10722,36773]
[9717,36802]
[8970,36808]
[1248,36813]
[9918,36836]
[3081,36845]
[2523,36866]
[3180,36875]
[3546,36898]
[951,36915]
[1089,36935]
[6351,36960]
[5724,36974]
[3768,36986]
[6576,37009]
[408,37019]
[3612,37042]
[228,37054]
[1824,37073]
[3345,37074]
[4119,37088]
[4560,37102]
[5568,37122]
[1695,37138]
[129,37156]
[1236,37174]
[4479,37190]
[4818,37220]
[1746,37238]
[4215,37256]
[135,37271]
[2364,37284]
[8091,37295]
[969,37319]
[1914,37324]
[3813,37333]
[4044,37363]
[3390,37373]
[414,37377]
[1698,37383]
[2127,37391]
[6906,37400]
[9066,37403]
[11064,37408]
[1557,37436]
[222,37437]
[3129,37461]
[6663,37474]
[3096,37498]
[249,37518]
[1140,37526]
[2052,37556]
[3873,37567]
[3396,37596]
[1458,37616]
[450,37626]
[2469,37646]
[360,37660]
[3021,37689]
[3042,37699]
[3156,37703]
[5469,37716]
[5412,37734]
[1683,37743]
[4989,37754]
[3774,37778]
[3753,37785]
[2616,37797]
[10101,37808]
[195,37832]
[2139,37862]
[1257,37889]
[3456,37899]
[5415,37906]
[7452,37921]
[2253,37944]
[1569,37957]
[9,37984]
[1110,37987]
[2205,37997]
[318,38018]
[921,38027]
[3999,38033]
[1581,38058]
[4581,38074]
[1956,38102]
[798,38113]
[1212,38133]
[4902,38152]
[687,38167]
[873,38192]
[2361,38220]
[2250,38245]
[2211,38252]
[3603,38271]
[6333,38287]
[2058,38308]
[27,38315]
[6426,38345]
[5112,38362]
[4560,38387]
[1323,38390]
[5067,38401]
[6441,38418]
[5847,38433]
[1425,38439]
[2346,38464]
[1059,38473]
[792,38476]
[513,38497]
[810,38503]
[690,38530]
[291,38549]
[1419,38578]
[3267,38598]
[3894,38606]
[3573,38629]
[2628,38630]
[11193,38646]
[8898,38664]
[1173,38682]
[2367,38688]
[4161,38717]
[4095,38721]
[2265,38729]
[5883,38731]
[6591,38733]
[8994,38756]
[8475,38777]
[3120,38778]
[606,38788]
[393,38818]
[2847,38831]
[4524,38852]
[4323,38868]
[2133,38872]
[1995,38876]
[5424,38892]
[1506,38917]
[1233,38930]
[2208,38944]
[2952,38969]
[2058,38975]
[1593,38979]
[2364,38995]
[813,39020]
[972,39030]
[9072,39041]
[3333,39063]
[3924,39077]
[72,39094]
[9723,39117]
[1596,39125]
[678,39126]
[3900,39145]
[3366,39169]
[5448,39192]
[4227,39207]
[2139,39237]
[1230,39266]
[156,39288]
[5553,39289]
[5598,39301]
[3459,39324]
[3408,39331]
[1077,39334]
[1707,39341]
[1971,39363]
[3429,39392]
[3330,39415]
[672,39425]
[1569,39443]
[4977,39458]
[1056,39477]
[276,39481]
[897,39498]
[2964,39511]
[1266,39538]
[348,39540]
[1023,39555]
[2151,39559]
[4149,39581]
[3423,39594]
[615,39595]
[3603,39597]
[81,39626]
[9177,39637]
[8457,39659]
[1089,39663]
[3024,39690]
[804,39712]
[2457,39724]
[3735,39746]
[3966,39773]
[501,39792]
[279,39810]
[4278,39826]
[3903,39844]
[3,39873]
[231,39895]
[2493,39909]
[5631,39933]
[3537,39941]
[348,39970]
[405,39998]
[72,40028]
[1011,40040]
[3669,40066]
[3597,40081]
[2427,40084]
[171,40094]
[3621,40109]
[3654,40123]
[4107,40139]
[3723,40155]
[1263,40163]
[3351,40174]
[1926,40197]
[867,40205]
[972,40214]
[3540,40216]
[3798,40225]
[4020,40251]
[3231,40269]
[1401,40279]
[801,40281]
[663,40305]
[192,40323]
[3000,40349]
[3318,40370]
[1053,40390]
[1374,40402]
[3603,40429]
[2064,40437]
[3327,40453]
[801,40468]
[621,40482]
[1770,40496]
[7626,40503]
[6246,40529]
[3942,40531]
[123,40555]
[3087,40560]
[2697,40588]
[2532,40608]
[1296,40623]
[2253,40630]
[5295,40642]
[2655,40663]
[4029,40683]
[2271,40701]
[1992,40710]
[345,40716]
[2349,40719]
[3567,40731]
[477,40759]
[828,40762]
[1266,40768]
[2883,40797]
[1530,40803]
[2907,40825]
[1746,40855]
[2979,40870]
[6342,40890]
[3303,40905]
[7356,40915]
[222,40941]
[411,40945]
[921,40964]
[627,40979]
[177,41007]
[1263,41034]
[387,41049]
[54,41068]
[168,41085]
[1014,41090]
[339,41118]
[225,41119]
[1137,41128]
[3372,41155]
[2214,41165]
[867,41166]
[2817,41183]
[9276,41211]
[2814,41220]
[4311,41229]
[2499,41259]
[87,41262]
[3684,41279]
[1773,41306]
[1419,41312]
[33,41320]
[3603,41321]
[5481,41346]
[7377,41351]
[7233,41379]
[288,41385]
[6,41390]
[528,41406]
[1410,41425]
[3015,41453]
[3078,41454]
[4620,41458]
[5058,41477]
[2424,41494]
[114,41518]
[0,41534]
[2061,41538]
[4905,41556]
[6654,41581]
[2487,41588]
[570,41602]
[240,41613]
[1050,41624]
[5532,41636]
[3954,41662]
[6699,41673]
[2625,41693]
[891,41697]
[4320,41720]
[897,41736]
[1242,41745]
[768,41767]
[1119,41793]
[1269,41803]
[1893,41825]
[156,41839]
[1482,41843]
[216,41872]
[1104,41882]
[3306,41910]
[2820,41914]
[261,41925]
[3771,41938]
[5112,41939]
[11745,41969]
[1446,41972]
[6243,41980]
[4335,42010]
[102,42022]
[4992,42032]
[4302,42062]
[8253,42082]
[3615,42096]
[3399,42103]
[858,42122]
[1128,42152]
[1344,42159]
[1410,42175]
[5475,42189]
[1749,42206]
[2772,42210]
[3225,42216]
[1233,42241]
[2886,42252]
[3096,42261]
[4890,42269]
[261,42297]
[750,42325]
[1512,42334]
[3729,42363]
[2601,42370]
[5640,42391]
[5868,42410]
[2112,42423]
[3336,42432]
[3111,42460]
[432,42471]
[1143,42501]
[363,42530]
[936,42539]
[4326,42562]
[1245,42573]
[1044,42576]
[1566,42577]
[7029,42580]
[7188,42583]
[1140,42611]
[3765,42626]
[2169,42652]
[21,42653]
[480,42660]
[4965,42666]
[6150,42675]
[6189,42692]
[8349,42696]
[8952,42697]
[9261,42709]
[162,42732]
[282,42740]
[5445,42756]
[2658,42781]
[3963,42794]
[5631,42810]
[3693,42825]
[4518,42844]
[5484,42866]
[3564,42887]
[753,42898]
[1821,42902]
[2433,42924]
[606,42933]
[3723,42956]
[414,42972]
[780,42975]
[894,42979]
[2763,42990]
[3126,43011]
[714,43033]
[924,43048]
[1203,43061]
[3342,43069]
[3855,43081]
[2031,43106]
[930,43130]
[5859,43150]
[3636,43178]
[1236,43197]
[5781,43224]
[7212,43231]
[15237,43249]
[11490,43262]
[10326,43263]
[5919,43281]
[9801,43304]
[1215,43312]
[483,43330]
[2784,43358]
[1713,43362]
[4713,43384]
[5403,43412]
[2853,43427]
[2085,43433]
[3369,43461]
[492,43479]
[243,43484]
[2952,43498]
[3150,43502]
[7437,43512]
[9480,43541]
[9450,43549]
[7749,43550]
[3291,43571]
[804,43590]
[360,43597]
[8163,43614]
[612,43630]
[2049,43657]
[2121,43683]
[3909,43701]
[57,43719]
[5289,43729]
[981,43756]
[4173,43784]
[2013,43808]
[2343,43816]
[3597,43828]
[990,43858]
[3867,43873]
[3219,43899]
[369,43917]
[2925,43942]
[3777,43954]
[603,43975]
[96,43980]
[1908,44001]
[1740,44023]
[1275,44042]
[951,44061]
[2196,44079]
[1725,44107]
[10104,44125]
[129,44152]
[1140,44166]
[1158,44170]
[3030,44171]
[2892,44201]
[1428,44207]
[804,44211]
[537,44222]
[60,44242]
[564,44252]
[1806,44282]
[9339,44299]
[9141,44323]
[6900,44327]
[894,44330]
[1323,44360]
[1404,44383]
[1101,44412]
[651,44435]
[1323,44447]
[2532,44454]
[3531,44469]
[3207,44497]
[2364,44510]
[3840,44537]
[4620,44558]
[4080,44585]
[1119,44586]
[387,44588]
[825,44589]
[1473,44615]
[540,44635]
[4026,44645]
[3264,44671]
[6006,44672]
[6138,44688]
[2430,44706]
[1644,44734]
[870,44742]
[945,44768]
[5082,44771]
[5814,44775]
[219,44805]
[4593,44819]
[2721,44839]
[2394,44854]
[2214,44858]
[849,44861]
[1578,44890]
[1824,44899]
[5022,44928]
[4035,44951]
[2142,44973]
[318,44994]
[702,45021]
[894,45045]
[114,45071]
[1596,45073]
[2139,45084]
[2247,45102]
[117,45125]
[741,45132]
[5757,45157]
[2676,45171]
[57,45175]
[294,45189]
[657,45208]
[216,45234]
[2139,45256]
[1794,45276]
[522,45292]
[1599,45295]
[3096,45303]
[3894,45304]
[4404,45310]
[4647,45331]
[3270,45342]
[1296,45351]
[360,45360]
[4098,45373]
[5316,45391]
[1134,45412]
[1833,45431]
[2814,45446]
[7203,45461]
[2352,45490]
[2265,45501]
[1101,45527]
[5550,45546]
[5229,45562]
[3321,45575]
[903,45604]
[348,45622]
[3561,45642]
[6507,45667]
[309,45682]
[4029,45710]
[147,45732]
[1128,45734]
[1209,45738]
[2886,45756]
[2328,45775]
[1119,45794]
[2817,45824]
[1056,45825]
[2346,45849]
[3747,45854]
[6387,45883]
[2337,45891]
[3054,45896]
[1362,45923]
[651,45944]
[3720,45972]
[822,46001]
[3816,46009]
[7401,46038]
[1362,46054]
[849,46064]
[3738,46087]
[741,46096]
[411,46116]
[1299,46125]
[1065,46153]
[960,46164]
[5733,46177]
[4428,46195]
[4602,46217]
[402,46228]
[963,46244]
[2310,46250]
[4473,46268]
[4029,46282]
[840,46287]
[867,46302]
[2622,46321]
[1581,46333]
[774,46338]
[2493,46362]
[2064,46383]
[1944,46413]
[150,46422]
[312,46429]
[3879,46434]
[8046,46456]
[5316,46477]
[4629,46487]
[7836,46515]
[1020,46520]
[1188,46526]
[10212,46527]
[10248,46552]
[4569,46558]
[2625,46572]
[420,46595]
[3234,46604]
[2436,46629]
[2625,46645]
[3396,46671]
[1245,46692]
[3735,46717]
[3342,46726]
[1749,46743]
[1818,46771]
[2085,46776]
[2598,46780]
[4620,46785]
[3336,46812]
[1020,46814]
[747,46834]
[1182,46855]
[10563,46877]
[6015,46892]
[5469,46895]
[1779,46898]
[1305,46905]
[4239,46922]
[3747,46946]
[1245,46962]
[1362,46976]
[234,47005]
[4671,47013]
[7077,47028]
[4584,47045]
[3768,47056]
[147,47070]
[1905,47076]
[3819,47085]
[2361,47114]
[621,47134]
[1575,47139]
[2313,47159]
[1986,47186]
[2091,47188]
[9441,47208]
[3249,47232]
[1701,47235]
[726,47250]
[540,47271]
[882,47297]
[5106,47321]
[588,47351]
[2712,47363]
[519,47390]
[7956,47400]
[7299,47421]
[3882,47424]
[2394,47447]
[864,47451]
[579,47481]
[2106,47505]
[5091,47532]
[378,47546]
[2496,47568]
[2352,47593]
[1017,47620]
[1086,47621]
[3768,47633]
[2355,47658]
[2607,47659]
[5763,47670]
[5358,47697]
[3363,47717]
[210,47739]
[5910,47769]
[5400,47771]
[5232,47777]
[1575,47782]
[1416,47798]
[1122,47822]
[684,47830]
[51,47846]
[687,47868]
[1392,47894]
[459,47911]
[813,47936]
[4689,47948]
[291,47977]
[1650,47987]
[2112,47999]
[3000,48023]
[216,48030]
[3084,48040]
[4533,48043]
[6870,48051]
[9483,48073]
[9978,48086]
[10317,48109]
[1035,48118]
[4179,48126]
[2526,48153]
[4266,48166]
[11067,48171]
[3435,48198]
[222,48200]
[1302,48216]
[5511,48224]
[11184,48225]
[11205,48246]
[3279,48258]
[2790,48267]
[2859,48272]
[4719,48295]
[4704,48307]
[1038,48319]
[816,48340]
[768,48358]
[6756,48372]
[4665,48391]
[1239,48399]
[1515,48422]
[579,48437]
[951,48461]
[1461,48464]
[3348,48471]
[549,48495]
[1476,48507]
[834,48529]
[5613,48540]
[2724,48561]
[2247,48585]
[2418,48592]
[2604,48596]
[7077,48613]
[7350,48634]
[4209,48658]
[3858,48683]
[3381,48686]
[5028,48694]
[3468,48720]
[6768,48729]
[1011,48756]
[1614,48762]
[1185,48787]
[3489,48802]
[1122,48820]
[2019,48824]
[2382,48840]
[1185,48858]
[7854,48865]
[2409,48890]
[2922,48912]
[714,48925]
[291,48937]
[51,48947]
[51,48967]
[2058,48995]
[3,49002]
[3927,49021]
[4848,49045]
[264,49068]
[6456,49069]
[6831,49097]
[4854,49107]
[1005,49111]
[2406,49116]
[5964,49140]
[5001,49153]
[1524,49160]
[1173,49188]
[447,49208]
[2619,49218]
[4038,49226]
[11445,49254]
[9216,49275]
[3795,49291]
[5976,49309]
[7338,49328]
[6180,49342]
[4806,49343]
[633,49359]
[1308,49384]
[4191,49406]
[1857,49427]
[357,49430]
[579,49447]
[300,49473]
[978,49477]
[7134,49493]
[354,49523]
[990,49525]
[2019,49528]
[6330,49545]
[4401,49561]
[10374,49583]
[5895,49595]
[1200,49614]
[1194,49630]
[312,49635]
[174,49656]
[6885,49678]
[4146,49702]
[2037,49704]
[3627,49720]
[3825,49740]
[3291,49757]
[651,49761]
[1653,49770]
[5706,49791]
[5343,49801]
[2475,49808]
[2271,49822]
[2196,49835]
[831,49836]
[846,49855]
[8661,49871]
[4245,49888]
[2583,49916]
[5295,49917]
[5490,49935]
[2166,49950]
[3450,49978]
[1677,50003]
[411,50010]
[2493,50030]
[6657,50042]
[6897,50070]
[1920,50073]
[5094,50082]
[7593,50099]
[5835,50118]
[1437,50126]
[3576,50146]
[2625,50163]
[2382,50165]
[816,50176]
[4665,50187]
[6840,50207]
[6711,50220]
[10536,50225]
[2595,50252]
[2394,50256]
[1890,50285]
[3912,50315]
[2292,50341]
[6,50347]
[675,50352]
[2844,50359]
[4161,50384]
[1881,50391]
[1350,50397]
[2781,50400]
[1518,50430]
[3222,50442]
[7791,50445]
[9378,50446]
[13119,50451]
[13482,50457]
[7944,50483]
[7830,50488]
[972,50493]
[150,50497]
[126,50507]
[813,50533]
[1158,50550]
[711,50569]
[117,50598]
[3516,50619]
[2223,50633]
[825,50634]
[1899,50636]
[2718,50663]
[4380,50679]
[4680,50691]
[9294,50698]
[4770,50727]
[3288,50742]
[1518,50751]
[2151,50761]
[5682,50780]
[4896,50794]
[3330,50820]
[2991,50834]
[2946,50836]
[1743,50843]
[1497,50852]
[846,50865]
[3906,50876]
[1698,50898]
[786,50906]
[6351,50916]
[1089,50938]
[936,50958]
[174,50959]
[1605,50966]
[228,50994]
[1383,51001]
[4746,51018]
[5511,51038]
[7407,51046]
[7431,51071]
[4515,51094]
[648,51096]
[1863,51116]
[2754,51128]
[3120,51132]
[6819,51145]
[2694,51165]
[13110,51177]
[12648,51196]
[4029,51199]
[10053,51204]
[7992,51230]
[7095,51236]
[4983,51248]
[4935,51271]
[2382,51281]
[423,51284]
[318,51302]
[6546,51309]
[3411,51338]
[666,51345]
[1830,51371]
[435,51388]
[2964,51394]
[1092,51421]
[3270,51442]
[1437,51465]
[1521,51481]
[2157,51485]
[2847,51514]
[8256,51518]
[11667,51540]
[5712,51555]
[2430,51577]
[786,51582]
[2070,51599]
[2106,51609]
[1956,51631]
[3675,51648]
[2433,51674]
[1878,51679]
[1944,51688]
[1029,51712]
[3180,51716]
[3993,51720]
[7599,51721]
[5481,51751]
[5442,51777]
[4422,51782]
[3768,51796]
[1974,51819]
[1533,51840]
[84,51866]
[2520,51870]
[5538,51880]
[3495,51905]
[1269,51907]
[4656,51920]
[2202,51939]
[1506,51950]
[3042,51956]
[6756,51983]
[3024,52005]
[2187,52023]
[333,52024]
[4113,52047]
[7230,52057]
[3831,52082]
[630,52105]
[10371,52126]
[3234,52139]
[2898,52153]
[855,52158]
[819,52160]
[5781,52170]
[3099,52191]
[753,52208]
[3477,52237]
[3924,52240]
[4116,52248]
[9525,52253]
[2196,52280]
[450,52302]
[5025,52310]
[246,52337]
[195,52340]
[5589,52349]
[7056,52366]
[120,52388]
[618,52393]
[3114,52410]
[2937,52433]
[6705,52435]
[3471,52465]
[2745,52474]
[147,52489]
[1281,52492]
[6219,52495]
[8841,52510]
[4737,52536]
[1035,52566]
[1548,52581]
[4854,52599]
[5160,52623]
[1908,52640]
[4227,52668]
[4005,52689]
[3540,52691]
[5499,52710]
[4656,52724]
[639,52734]
[1158,52744]
[759,52774]
[12114,52781]
[9675,52805]
[8718,52808]
[8217,52812]
[7959,52823]
[7416,52825]
[351,52827]
[2190,52832]
[2322,52856]
[7260,52861]
[2142,52890]
[444,52899]
[2799,52929]
[546,52930]
[3042,52945]
[2808,52962]
[2358,52966]
[2265,52967]
[1167,52976]
[1008,53005]
[114,53010]
[1782,53016]
[2094,53045]
[3774,53061]
[3903,53089]
[552,53101]
[936,53110]
[7473,53111]
[3360,53141]
[1620,53148]
[8433,53149]
[4674,53179]
[369,53194]
[681,53195]
[2115,53223]
[1464,53251]
[2676,53268]
[1410,53296]
[624,53304]
[345,53308]
[7419,53309]
[7560,53328]
[4146,53349]
[204,53355]
[5676,53369]
[2331,53386]
[1629,53404]
[2397,53423]
[1590,53444]
[1122,53472]
[924,53485]
[3894,53508]
[2343,53523]
[177,53530]
[3567,53552]
[4053,53554]
[4242,53570]
[4968,53577]
[7299,53600]
[1485,53627]
[5085,53654]
[4533,53662]
[729,53683]
[534,53708]
[2853,53717]
[3441,53743]
[402,53761]
[414,53790]
[141,53808]
[609,53816]
[735,53834]
[1632,53849]
[4653,53857]
[5730,53869]
[11457,53892]
[384,53902]
[411,53908]
[879,53913]
[1425,53938]
[4332,53959]
[8214,53985]
[2277,53995]
[1791,53996]
[3054,54023]
[1332,54032]
[4239,54044]
[4881,54073]
[3387,54087]
[351,54088]
[948,54104]
[150,54125]
[477,54135]
[849,54143]
[2745,54146]
[14598,54147]
[18591,54168]
[1806,54178]
[1812,54205]
[99,54221]
[2385,54238]
[3924,54256]
[1821,54271]
[3564,54280]
[5838,54308]
[3303,54320]
[2238,54331]
[1191,54355]
[843,54358]
[495,54373]
[813,54401]
[1143,54415]
[966,54442]
[7098,54463]
[3822,54473]
[1452,54482]
[7863,54488]
[1047,54514]
[468,54543]
[4653,54573]
[2337,54600]
[2637,54623]
[3429,54639]
[2478,54662]
[3843,54666]
[4005,54693]
[567,54716]
[2196,54729]
[2361,54748]
[2913,54764]
[1611,54784]
[2994,54807]
[2781,54829]
[150,54830]
[132,54832]
[6627,54842]
[4311,54867]
[2115,54875]
[2610,54898]
[708,54916]
[1797,54938]
[1536,54960]
[1356,54967]
[2247,54977]
[7128,55005]
[1437,55018]
[690,55041]
[5229,55057]
[2625,55083]
[1110,55093]
[828,55117]
[576,55133]
[6966,55137]
[4107,55164]
[2574,55169]
[690,55186]
[2217,55206]
[4578,55213]
[4626,55221]
[5067,55246]
[2346,55255]
[915,55261]
[399,55288]
[1596,55296]
[10239,55305]
[537,55331]
[288,55341]
[858,55363]
[2040,55371]
[3420,55400]
[465,55404]
[1551,55414]
[1275,55440]
[3021,55450]
[9567,55460]
[5217,55483]
[2607,55491]
[5592,55507]
[4707,55531]
[2586,55545]
[1482,55566]
[3,55586]
[5952,55608]
[1257,55628]
[1398,55656]
[2688,55663]
[4086,55669]
[4404,55691]
[243,55713]
[1017,55727]
[7512,55749]
[7635,55757]
[8556,55779]
[1851,55795]
[78,55820]
[507,55836]
[2793,55838]
[5949,55855]
[1137,55871]
[5115,55873]
[7074,55891]
[645,55915]
[1959,55922]
[399,55950]
[498,55964]
[2049,55993]
[1242,56009]
[4371,56019]
[3741,56048]
[1761,56072]
[249,56084]
[162,56108]
[2598,56118]
[3477,56133]
[789,56151]
[3828,56177]
[2952,56194]
[1827,56215]
[1548,56226]
[162,56247]
[4515,56256]
[906,56279]
[816,56285]
[1863,56311]
[693,56336]
[1155,56343]
[3216,56370]
[1935,56381]
[840,56407]
[6261,56412]
[7455,56431]
[876,56443]
[4584,56454]
[1614,56481]
[2625,56493]
[1233,56514]
[1302,56539]
[3357,56548]
[4710,56567]
[9657,56580]
[4380,56601]
[3489,56620]
[1023,56639]
[417,56658]
[138,56685]
[5859,56706]
[1749,56721]
[4374,56724]
[2052,56752]
[3207,56773]
[2316,56784]
[1950,56786]
[69,56805]
[1431,56811]
[2073,56825]
[5388,56841]
[5073,56866]
[1914,56870]
[2004,56899]
[1335,56916]
[450,56946]
[1695,56957]
[8232,56970]
[3474,56990]
[1323,56991]
[678,56995]
[456,57006]
[4299,57024]
[4020,57045]
[2067,57050]
[819,57073]
[4458,57079]
[1305,57104]
[5067,57128]
[2700,57135]
[2034,57150]
[1749,57160]
[1197,57182]
[1962,57212]
[531,57221]
[1692,57250]
[6744,57261]
[885,57285]
[1272,57313]
[8079,57320]
[4701,57344]
[6459,57371]
[3681,57379]
[1029,57401]
[720,57419]
[54,57441]
[636,57459]
[2952,57464]
[5817,57479]
[993,57501]
[2844,57529]
[804,57543]
[1836,57556]
[492,57576]
[3462,57601]
[498,57609]
[1083,57626]
[2181,57644]
[3462,57667]
[3369,57675]
[4227,57688]
[4320,57708]
[462,57728]
[7464,57730]
[7638,57750]
[1965,57774]
[2355,57799]
[444,57806]
[1449,57818]
[276,57847]
[1137,57856]
[732,57883]
[7608,57904]
[2472,57926]
[2265,57929]
[1173,57930]
[162,57934]
[423,57940]
[2685,57963]
[2889,57987]
[1203,58000]
[1809,58021]
[309,58034]
[357,58064]
[2370,58087]
[2469,58088]
[705,58118]
[2619,58139]
[2772,58162]
[2556,58176]
[1974,58190]
[1440,58195]
[1347,58199]
[171,58205]
[3648,58233]
[2697,58258]
[411,58263]
[1053,58293]
[63,58314]
[2388,58331]
[459,58350]
[4299,58362]
[4512,58375]
[3867,58400]
[4344,58409]
[4335,58437]
[3681,58458]
[4479,58465]
[300,58494]
[1104,58499]
[1221,58508]
[2553,58518]
[3288,58532]
[5679,58537]
[1626,58565]
[5127,58574]
[1302,58596]
[2091,58608]
[4764,58617]
[5619,58638]
[5187,58663]
[3594,58668]
[1488,58674]
[4359,58689]
[840,58707]
[336,58734]
[4026,58745]
[4674,58766]
[5706,58776]
[6651,58805]
[6363,58810]
[69,58815]
[2328,58841]
[3729,58865]
[2664,58877]
[2346,58885]
[132,58894]
[4968,58895]
[6744,58900]
[6885,58916]
[5973,58936]
[6438,58965]
[2013,58968]
[5019,58998]
[2976,59019]
[2754,59021]
[8034,59029]
[10002,59051]
[8682,59071]
[3450,59094]
[2883,59103]
[1110,59117]
[2904,59120]
[4203,59125]
[4710,59146]
[483,59161]
[441,59186]
[990,59215]
[2232,59221]
[4266,59230]
[7890,59233]
[4701,59262]
[1548,59263]
[1716,59269]
[8214,59286]
[816,59304]
[993,59334]
[4134,59348]
[1359,59366]
[1539,59388]
[675,59408]
[798,59427]
[1107,59451]
[4245,59453]
[5322,59464]
[2718,59488]
[1773,59516]
[291,59520]
[1533,59544]
[1302,59559]
[1464,59577]
[2466,59596]
[5343,59621]
[1959,59644]
[417,59659]
[1221,59668]
[1488,59676]
[4839,59692]
[4275,59707]
[927,59725]
[471,59731]
[60,59748]
[2247,59776]
[2346,59806]
[2037,59823]
[3645,59825]
[5169,59855]
[570,59857]
[4674,59881]
[6777,59904]
[7083,59914]
[5472,59939]
[1419,59946]
[279,59963]
[537,59980]
[6150,59999]
[5088,60026]
[2505,60040]
[948,60053]
[474,60054]
[300,60060]
[1152,60065]
[1440,60081]
[2073,60103]
[5262,60133]
[1302,60140]
[654,60142]
[4767,60170]
[2211,60173]
[174,60198]
[3069,60224]
[3516,60234]
[11910,60240]
[2787,60265]
[2955,60271]
[5010,60282]
[8013,60289]
[13617,60301]
[6918,60320]
[5493,60335]
[9663,60363]
[3231,60366]
[4422,60376]
[5304,60386]
[3708,60415]
[1302,60419]
[996,60446]
[4338,60462]
[786,60486]
[2976,60496]
[4266,60507]
[2340,60536]
[2154,60544]
[1953,60568]
[3279,60574]
[621,60604]
[1860,60625]
[2139,60645]
[663,60675]
[1158,60694]
[1728,60710]
[60,60736]
[588,60747]
[1689,60758]
[3435,60782]
[2931,60791]
[18,60799]
[3264,60829]
[861,60856]
[261,60868]
[504,60895]
[552,60901]
[2265,60927]
[1140,60943]
[2118,60958]
[3054,60972]
[873,60995]
[6978,61005]
[6030,61027]
[780,61033]
[5796,61053]
[2628,61078]
[597,61096]
[120,61106]
[165,61109]
[873,61132]
[552,61154]
[2217,61176]
[3585,61202]
[1347,61224]
[3999,61236]
[8205,61253]
[7827,61268]
[792,61280]
[1608,61296]
[2760,61307]
[3459,61321]
[4677,61343]
[2706,61354]
[2271,61356]
[2769,61361]
[3381,61364]
[6339,61390]
[4188,61420]
[5127,61450]
[2211,61459]
[3525,61468]
[3633,61474]
[6738,61498]
[6615,61505]
[717,61525]
[708,61531]
[468,61552]
[420,61565]
[1395,61570]
[3534,61591]
[6420,61612]
[4965,61628]
[1005,61630]
[1035,61648]
[0,61672]
[969,61695]
[15,61703]
[252,61712]
[2697,61736]
[1413,61761]
[993,61785]
[1389,61801]
[1038,61817]
[1338,61818]
[4173,61844]
[363,61874]
[1350,61904]
[1419,61919]
[1347,61938]
[231,61946]
[27,61951]
[1329,61953]
[2313,61964]
[3981,61992]
[1560,62008]
[1197,62018]
[1662,62023]
[5895,62039]
[4470,62061]
[153,62072]
[3162,62101]
[2319,62105]
[297,62115]
[477,62125]
[2778,62132]
[39,62158]
[1446,62162]
[3681,62175]
[1290,62201]
[213,62204]
[144,62222]
[1731,62250]
[87,62257]
[1311,62282]
[1677,62296]
[2166,62314]
[10005,62337]
[3675,62356]
[3687,62357]
[5514,62387]
[504,62391]
[2487,62404]
[1362,62433]
[5877,62449]
[2415,62467]
[3603,62480]
[5121,62503]
[1995,62531]
[3990,62540]
[42,62569]
[1116,62586]
[441,62606]
[1404,62607]
[7338,62628]
[1602,62642]
[5949,62660]
[705,62680]
[633,62686]
[1146,62702]
[4377,62713]
[6903,62728]
[6198,62745]
[4845,62746]
[1269,62748]
[1098,62760]
[96,62772]
[669,62793]
[1314,62795]
[3393,62818]
[1605,62827]
[798,62828]
[765,62848]
[213,62876]
[5451,62903]
[1551,62921]
[1950,62936]
[2967,62951]
[3657,62979]
[1188,63006]
[375,63026]
[2448,63046]
[1314,63065]
[1089,63075]
[1476,63082]
[2097,63105]
[1014,63123]
[3057,63145]
[5616,63147]
[6624,63161]
[2418,63185]
[2613,63194]
[2040,63218]
[432,63231]
[1188,63250]
[2160,63255]
[2574,63267]
[3741,63290]
[3954,63313]
[4371,63317]
[891,63347]
[693,63371]
[1284,63401]
[3390,63417]
[4083,63426]
[4530,63428]
[684,63457]
[837,63465]
[7995,63480]
[5562,63501]
[3462,63504]
[219,63532]
[2124,63558]
[2607,63588]
[2562,63607]
