[2612, 30]
[1348, 48]
[2456, 52]
[3684, 78]
[2460, 98]
[912, 102]
[4956, 123]
[2268, 146]
[912, 170]
[8228, 198]
[8236, 211]
[8440, 232]
[7016, 257]
[292, 260]
[1832, 267]
[8440, 280]
[5468, 310]
[1508, 311]
[404, 336]
[1152, 346]
[2356, 356]
[1948, 380]
[1320, 384]
[108, 393]
[360, 410]
[2744, 412]
[3320, 437]
[8228, 466]
[7340, 473]
[2064, 490]
[4320, 508]
[128, 522]
[2644, 550]
[2856, 552]
[4544, 581]
[1064, 591]
[3924, 608]
[3104, 627]
[2856, 656]
[3052, 680]
[3944, 707]
[3048, 735]
[2236, 745]
[2436, 775]
[2888, 792]
[5248, 803]
[2892, 824]
[1468, 849]
[6908, 866]
[7964, 876]
[5156, 898]
[4412, 912]
[4076, 924]
[668, 949]
[4412, 958]
[3620, 984]
[2540, 993]
[3852, 1005]
[748, 1032]
[124, 1044]
[2856, 1045]
[6156, 1051]
[9728, 1052]
[12768, 1075]
[9656, 1086]
[5124, 1090]
[276, 1094]
[4680, 1095]
[5196, 1111]
[1320, 1135]
[1320, 1152]
[8492, 1161]
[13172, 1170]
[5340, 1197]
[2992, 1201]
[1248, 1212]
[444, 1239]
[2396, 1259]
[2236, 1285]
[120, 1300]
[1520, 1317]
[3608, 1320]
[7076, 1331]
[9632, 1337]
[7260, 1366]
[3456, 1380]
[4532, 1385]
[420, 1412]
[5084, 1435]
[4452, 1449]
[1808, 1451]
[348, 1472]
[248, 1488]
[536, 1493]
[748, 1503]
[2316, 1519]
[668, 1534]
[888, 1560]
[716, 1569]
[580, 1596]
[7040, 1613]
[6264, 1638]
[2644, 1640]
[84, 1646]
[2088, 1671]
[2700, 1676]
[5044, 1689]
[7912, 1717]
[3300, 1721]
[1620, 1730]
[444, 1754]
[4220, 1770]
[5876, 1795]
[6368, 1796]
[6892, 1804]
[2980, 1829]
[4820, 1849]
[776, 1870]
[2060, 1877]
[2136, 1883]
[2488, 1912]
[1620, 1927]
[184, 1936]
[3444, 1937]
[3848, 1947]
[428, 1969]
[756, 1995]
[6080, 2010]
[6364, 2015]
[2976, 2042]
[1140, 2061]
[716, 2075]
[528, 2082]
[1140, 2104]
[1184, 2109]
[6396, 2122]
[5876, 2142]
[6368, 2143]
[8440, 2162]
[5776, 2181]
[4964, 2182]
[2532, 2196]
[6648, 2203]
[6940, 2230]
[1152, 2244]
[1236, 2270]
[5188, 2275]
[6204, 2279]
[716, 2308]
[2100, 2316]
[12876, 2328]
[4868, 2351]
[2636, 2371]
[144, 2391]
[360, 2402]
[1620, 2430]
[220, 2456]
[3776, 2465]
[6364, 2489]
[3692, 2497]
[2376, 2501]
[3664, 2531]
[528, 2550]
[880, 2556]
[1972, 2559]
[4860, 2589]
[10432, 2606]
[2496, 2621]
[708, 2624]
[9756, 2625]
[12788, 2653]
[588, 2658]
[4468, 2674]
[1152, 2698]
[1464, 2712]
[2528, 2733]
[1332, 2753]
[756, 2764]
[1152, 2790]
[1116, 2798]
[76, 2825]
[360, 2835]
[540, 2864]
[4024, 2893]
[2404, 2912]
[1132, 2931]
[2800, 2955]
[1040, 2981]
[6544, 2985]
[888, 3013]
[3436, 3031]
[4968, 3036]
[3288, 3066]
[1360, 3082]
[192, 3085]
[3404, 3104]
[232, 3130]
[444, 3148]
[2732, 3172]
[1040, 3196]
[860, 3205]
[5180, 3216]
[2356, 3238]
[2524, 3257]
[1020, 3277]
[3356, 3303]
[1720, 3316]
[1736, 3318]
[3620, 3320]
[3788, 3344]
[5932, 3370]
[3652, 3396]
[2908, 3401]
[1048, 3420]
[436, 3434]
[416, 3439]
[2876, 3445]
[1228, 3472]
[428, 3483]
[3200, 3495]
[2416, 3523]
[3764, 3542]
[292, 3558]
[88, 3561]
[432, 3591]
[376, 3619]
[2408, 3625]
[3740, 3650]
[1408, 3672]
[476, 3677]
[424, 3691]
[6300, 3692]
[6868, 3694]
[412, 3724]
[5872, 3728]
[5760, 3758]
[5036, 3759]
[3972, 3764]
[176, 3789]
[592, 3816]
[16, 3820]
[1524, 3821]
[6636, 3843]
[9852, 3851]
[2004, 3875]
[4020, 3897]
[1152, 3925]
[5196, 3948]
[108, 3976]
[2124, 4002]
[3200, 4024]
[3764, 4042]
[404, 4066]
[1320, 4088]
[448, 4098]
[6804, 4099]
[8080, 4103]
[13904, 4116]
[8228, 4135]
[6260, 4146]
[1108, 4148]
[4876, 4173]
[5876, 4202]
[1144, 4205]
[6572, 4225]
[444, 4252]
[88, 4273]
[2292, 4274]
[4164, 4291]
[4684, 4310]
[4656, 4328]
[220, 4338]
[2104, 4360]
[868, 4382]
[1172, 4401]
[1320, 4428]
[3044, 4436]
[6480, 4460]
[1872, 4476]
[384, 4491]
[5868, 4492]
[6188, 4493]
[6908, 4510]
[1320, 4525]
[448, 4535]
[1692, 4557]
[2476, 4583]
[920, 4592]
[416, 4613]
[2572, 4624]
[3596, 4632]
[3656, 4641]
[6640, 4650]
[10104, 4658]
[10448, 4673]
[9256, 4702]
[5652, 4710]
[3500, 4711]
[2268, 4722]
[6384, 4740]
[5324, 4763]
[18780, 4771]
[17320, 4797]
[12684, 4798]
[7196, 4800]
[5384, 4802]
[284, 4803]
[1592, 4819]
[124, 4846]
[2688, 4847]
[4656, 4859]
[6940, 4866]
[6844, 4891]
[3840, 4898]
[3776, 4913]
[5324, 4941]
[1372, 4953]
[444, 4957]
[480, 4972]
[284, 5002]
[1600, 5014]
[2196, 5017]
[2976, 5028]
[124, 5049]
[2688, 5050]
[4656, 5062]
[6940, 5069]
[7852, 5081]
[3840, 5105]
[3776, 5120]
[2620, 5131]
[2016, 5133]
[5324, 5150]
[18780, 5158]
[17320, 5184]
[12684, 5185]
[7196, 5187]
[5384, 5189]
[284, 5190]
[1592, 5206]
[124, 5233]
[2688, 5234]
[4656, 5246]
[6940, 5253]
[6844, 5278]
[3840, 5285]
[3776, 5300]
[4476, 5327]
[6332, 5329]
[9388, 5349]
[8288, 5367]
[3656, 5385]
[3596, 5398]
[2508, 5421]
[448, 5433]
[1248, 5445]
[6492, 5461]
[444, 5485]
[1276, 5495]
[4164, 5507]
[4780, 5526]
[784, 5540]
[28, 5542]
[700, 5566]
[812, 5572]
[1276, 5574]
[3648, 5576]
[6456, 5594]
[13316, 5595]
[18280, 5619]
[7932, 5635]
[604, 5658]
[1364, 5679]
[1460, 5709]
[1424, 5728]
[1204, 5741]
[444, 5758]
[6768, 5759]
[7748, 5772]
[2484, 5790]
[7236, 5804]
[120, 5823]
[2664, 5824]
[3276, 5832]
[1896, 5855]
[108, 5860]
[1188, 5878]
[1208, 5886]
[8412, 5899]
[9400, 5923]
[5752, 5946]
[4868, 5947]
[3296, 5955]
[884, 5969]
[8404, 5972]
[8488, 5976]
[9244, 5981]
[9400, 5985]
[3880, 6012]
[1692, 6019]
[3588, 6038]
[6856, 6061]
[4164, 6080]
[2268, 6095]
[256, 6117]
[832, 6136]
[380, 6164]
[2716, 6171]
[2640, 6200]
[1628, 6218]
[780, 6244]
[4728, 6264]
[524, 6289]
[324, 6319]
[184, 6340]
[3444, 6341]
[4532, 6364]
[14316, 6375]
[7572, 6395]
[2448, 6415]
[4520, 6426]
[7444, 6429]
[14252, 6432]
[14624, 6448]
[11388, 6464]
[6916, 6465]
[4332, 6477]
[1340, 6481]
[556, 6493]
[352, 6523]
[1736, 6525]
[3584, 6527]
[4844, 6542]
[7444, 6572]
[4136, 6583]
[4164, 6588]
[4868, 6601]
[1980, 6620]
[2124, 6635]
[1900, 6664]
[376, 6686]
[1296, 6694]
[2288, 6709]
[3008, 6725]
[3896, 6744]
[276, 6761]
[4476, 6762]
[4612, 6771]
[7100, 6789]
[4832, 6806]
[924, 6819]
[5880, 6824]
[6188, 6825]
[5496, 6855]
[1604, 6856]
[748, 6860]
[1768, 6879]
[1252, 6894]
[180, 6897]
[1164, 6911]
[3228, 6927]
[2640, 6952]
[1500, 6972]
[4704, 6980]
[1340, 7008]
[1612, 7028]
[1556, 7045]
[216, 7052]
[2912, 7062]
[3192, 7073]
[4736, 7091]
[4540, 7104]
[1936, 7134]
[10608, 7144]
[3292, 7165]
[2136, 7174]
[4196, 7202]
[1076, 7222]
[4256, 7230]
[12028, 7238]
[4572, 7267]
[5984, 7275]
[356, 7301]
[364, 7315]
[3656, 7317]
[4780, 7323]
[8140, 7335]
[5660, 7360]
[3644, 7361]
[3764, 7373]
[3320, 7393]
[284, 7409]
[312, 7434]
[560, 7464]
[352, 7483]
[2156, 7485]
[4880, 7513]
[380, 7520]
[416, 7529]
[672, 7543]
[3688, 7570]
[1920, 7589]
[276, 7605]
[1504, 7609]
[4164, 7628]
[12108, 7649]
[7388, 7664]
[7800, 7680]
[9424, 7706]
[960, 7714]
[3384, 7728]
[96, 7748]
[104, 7766]
[2284, 7774]
[4788, 7804]
[4544, 7812]
[2764, 7821]
[5324, 7847]
[7596, 7860]
[6636, 7879]
[244, 7885]
[2252, 7889]
[1588, 7919]
[1240, 7927]
[2172, 7956]
[1240, 7958]
[1268, 7977]
[1268, 8007]
[1980, 8031]
[3408, 8041]
[876, 8064]
[5872, 8087]
[156, 8112]
[376, 8118]
[4616, 8120]
[9252, 8147]
[8588, 8157]
[8432, 8159]
[6928, 8165]
[3292, 8176]
[412, 8181]
[6312, 8182]
[6784, 8184]
[6140, 8214]
[2156, 8224]
[1812, 8233]
[6204, 8247]
[5968, 8270]
[4556, 8283]
[6796, 8289]
[7020, 8306]
[6860, 8322]
[2268, 8337]
[3776, 8355]
[3320, 8381]
[1552, 8402]
[4212, 8410]
[428, 8434]
[2668, 8453]
[3928, 8473]
[6928, 8490]
[4320, 8506]
[376, 8536]
[2636, 8563]
[516, 8582]
[2436, 8610]
[1832, 8617]
[5872, 8642]
[2348, 8663]
[516, 8676]
[124, 8690]
[2652, 8691]
[6140, 8700]
[6920, 8706]
[8716, 8714]
[8668, 8744]
[5776, 8750]
[4964, 8751]
[688, 8768]
[3844, 8778]
[3612, 8801]
[3244, 8810]
[2968, 8822]
[1092, 8840]
[1732, 8844]
[2476, 8851]
[3636, 8863]
[5320, 8876]
[6140, 8894]
[1832, 8921]
[3552, 8932]
[1088, 8960]
[124, 8963]
[2248, 8975]
[1788, 8996]
[5920, 9000]
[4308, 9027]
[3692, 9048]
[40, 9077]
[1692, 9078]
[7144, 9102]
[2988, 9112]
[6632, 9128]
[5940, 9145]
[328, 9173]
[5148, 9174]
[5324, 9202]
[4404, 9206]
[692, 9215]
[4584, 9242]
[884, 9266]
[1556, 9287]
[220, 9305]
[1400, 9319]
[4728, 9337]
[6544, 9359]
[1252, 9379]
[1848, 9381]
[9724, 9390]
[7328, 9420]
[8240, 9423]
[6728, 9452]
[1500, 9454]
[3584, 9481]
[9556, 9483]
[9684, 9511]
[4220, 9517]
[1528, 9539]
[1824, 9546]
[2292, 9551]
[6924, 9569]
[1232, 9586]
[1648, 9605]
[768, 9631]
[1760, 9660]
[444, 9676]
[2612, 9687]
[4212, 9700]
[2524, 9721]
[1652, 9725]
[944, 9731]
[1152, 9758]
[700, 9786]
[1248, 9794]
[316, 9817]
[96, 9839]
[2448, 9840]
[3652, 9858]
[156, 9876]
[1152, 9900]
[2644, 9908]
[2856, 9910]
[1808, 9940]
[316, 9947]
[2984, 9969]
[156, 9980]
[208, 9998]
[3708, 9999]
[860, 10029]
[264, 10033]
[3900, 10044]
[1400, 10064]
[596, 10085]
[1852, 10096]
[748, 10119]
[112, 10122]
[496, 10134]
[416, 10161]
[424, 10173]
[596, 10184]
[8, 10204]
[52, 10234]
[1956, 10235]
[2560, 10245]
[2136, 10274]
[12092, 10303]
[668, 10306]
[9060, 10315]
[596, 10343]
[236, 10350]
[1332, 10372]
[180, 10399]
[1324, 10405]
[804, 10431]
[84, 10453]
[2400, 10454]
[7836, 10457]
[8708, 10467]
[9436, 10478]
[12340, 10502]
[11884, 10511]
[10812, 10525]
[52, 10526]
[1016, 10539]
[1408, 10556]
[1144, 10583]
[10684, 10605]
[7780, 10615]
[9760, 10631]
[4736, 10647]
[2660, 10657]
[1260, 10679]
[2256, 10681]
[4164, 10690]
[2268, 10715]
[1152, 10742]
[2236, 10762]
[4620, 10785]
[4540, 10798]
[1408, 10808]
[360, 10830]
[244, 10857]
[4260, 10858]
[5100, 10887]
[6312, 10891]
[6324, 10912]
[412, 10922]
[2404, 10932]
[6312, 10951]
[7604, 10967]
[2876, 10982]
[2448, 10988]
[180, 11009]
[2668, 11033]
[3620, 11046]
[2256, 11064]
[2856, 11078]
[2268, 11097]
[3408, 11102]
[9336, 11105]
[420, 11133]
[1556, 11153]
[4960, 11172]
[6876, 11188]
[6324, 11208]
[4736, 11221]
[8744, 11230]
[6324, 11258]
[5484, 11276]
[1616, 11277]
[1912, 11295]
[372, 11323]
[512, 11333]
[3272, 11350]
[3124, 11375]
[2832, 11388]
[2856, 11391]
[14388, 11394]
[4008, 11423]
[420, 11431]
[1712, 11439]
[4216, 11467]
[8808, 11474]
[10016, 11497]
[7704, 11507]
[3404, 11512]
[852, 11530]
[5176, 11556]
[4892, 11573]
[1360, 11575]
[1128, 11601]
[3792, 11616]
[2488, 11640]
[1620, 11655]
[184, 11664]
[912, 11690]
[8076, 11714]
[1424, 11731]
[8056, 11754]
[684, 11766]
[48, 11769]
[1968, 11770]
[8896, 11782]
[4392, 11812]
[6548, 11831]
[14300, 11832]
[14684, 11859]
[3996, 11871]
[2100, 11873]
[2492, 11889]
[172, 11911]
[3456, 11912]
[4392, 11931]
[2584, 11946]
[1484, 11954]
[2292, 11981]
[1088, 11986]
[3388, 11998]
[380, 12021]
[5880, 12022]
[6180, 12039]
[1424, 12055]
[1448, 12081]
[32, 12101]
[1644, 12102]
[3640, 12121]
[3884, 12135]
[1320, 12154]
[3308, 12177]
[748, 12185]
[884, 12211]
[6628, 12222]
[1400, 12246]
[2436, 12252]
[3292, 12275]
[7008, 12278]
[10136, 12301]
[5084, 12313]
[3152, 12322]
[1072, 12337]
[48, 12345]
[1956, 12346]
[8896, 12359]
[4472, 12379]
[4832, 12381]
[8908, 12411]
[4120, 12426]
[4064, 12453]
[3820, 12456]
[1012, 12466]
[1884, 12470]
[2092, 12473]
[2964, 12493]
[756, 12523]
[316, 12535]
[3328, 12545]
[1424, 12566]
[172, 12579]
[900, 12606]
[3444, 12628]
[3800, 12640]
[904, 12664]
[60, 12693]
[2148, 12694]
[2644, 12702]
[2856, 12704]
[3128, 12711]
[4788, 12719]
[2976, 12745]
[1424, 12754]
[4532, 12778]
[4444, 12786]
[176, 12788]
[3032, 12805]
[2408, 12832]
[2560, 12837]
[6812, 12861]
[5036, 12870]
[1424, 12881]
[1296, 12891]
[2356, 12920]
[1284, 12941]
[4728, 12943]
[6976, 12950]
[8812, 12967]
[8336, 12997]
[7796, 13003]
[4164, 13023]
[724, 13031]
[1364, 13057]
[3016, 13083]
[3520, 13099]
[3584, 13104]
[6628, 13111]
[6772, 13140]
[6080, 13149]
[3052, 13164]
[3448, 13180]
[5068, 13193]
[8640, 13217]
[5668, 13224]
[3848, 13225]
[1964, 13249]
[2044, 13257]
[7860, 13264]
[14848, 13277]
[6428, 13298]
[2732, 13317]
[3020, 13334]
[8952, 13360]
[3036, 13366]
[2396, 13389]
[1980, 13398]
[692, 13413]
[220, 13423]
[24, 13445]
[1620, 13446]
[4520, 13449]
[9668, 13462]
[1036, 13480]
[4716, 13492]
[4520, 13521]
[2624, 13526]
[780, 13528]
[228, 13556]
[2004, 13575]
[1344, 13593]
[2372, 13606]
[1200, 13630]
[1240, 13640]
[588, 13669]
[744, 13685]
[1196, 13715]
[4864, 13745]
[7532, 13754]
[3016, 13781]
[1692, 13794]
[1628, 13803]
[1412, 13820]
[4736, 13834]
[4320, 13852]
[1284, 13855]
[280, 13872]
[3080, 13901]
[524, 13903]
[1976, 13931]
[2380, 13955]
[800, 13968]
[1400, 13997]
[2944, 14017]
[3284, 14039]
[6692, 14049]
[7516, 14063]
[11836, 14069]
[12328, 14070]
[14396, 14095]
[7852, 14103]
[5200, 14112]
[3640, 14132]
[1520, 14162]
[2464, 14182]
[6756, 14209]
[4520, 14216]
[1948, 14236]
[7900, 14243]
[8240, 14254]
[4876, 14278]
[3820, 14283]
[2104, 14286]
[3112, 14297]
[5120, 14299]
[912, 14329]
[92, 14337]
[2388, 14338]
[5324, 14367]
[860, 14392]
[912, 14418]
[2560, 14438]
[3740, 14463]
[6304, 14491]
[3148, 14497]
[4868, 14503]
[2332, 14531]
[2184, 14549]
[2428, 14551]
[3676, 14568]
[3948, 14577]
[6304, 14599]
[348, 14619]
[876, 14624]
[924, 14650]
[2296, 14672]
[1732, 14695]
[1268, 14713]
[416, 14718]
[428, 14729]
[1264, 14750]
[1344, 14752]
[8240, 14771]
[6972, 14796]
[2596, 14810]
[1364, 14838]
[6772, 14863]
[5740, 14876]
[4556, 14877]
[2348, 14897]
[2932, 14906]
[420, 14933]
[2428, 14936]
[4836, 14963]
[4364, 14976]
[3380, 14981]
[2556, 14991]
[1004, 15009]
[592, 15019]
[3620, 15041]
[1948, 15069]
[748, 15085]
[772, 15093]
[2296, 15107]
[6772, 15135]
[6304, 15150]
[2932, 15162]
[128, 15176]
[484, 15194]
[4364, 15197]
[5172, 15224]
[3320, 15244]
[8312, 15272]
[7116, 15275]
[608, 15285]
[1204, 15289]
[1004, 15317]
[2656, 15342]
[3556, 15371]
[3856, 15373]
[6648, 15384]
[4968, 15404]
[3724, 15411]
[716, 15430]
[9796, 15449]
[6772, 15462]
[1948, 15466]
[288, 15477]
[272, 15493]
[4320, 15523]
[1284, 15526]
[3112, 15536]
[4160, 15564]
[912, 15581]
[8196, 15590]
[2448, 15613]
[3112, 15626]
[1284, 15647]
[1196, 15655]
[1436, 15681]
[896, 15706]
[2104, 15717]
[2144, 15733]
[3112, 15755]
[2044, 15764]
[3708, 15778]
[988, 15802]
[2840, 15827]
[2320, 15855]
[340, 15882]
[3112, 15898]
[4196, 15917]
[2420, 15939]
[3212, 15964]
[2304, 15979]
[468, 15993]
[7020, 15994]
[10148, 16012]
[4332, 16028]
[1132, 16040]
[1132, 16065]
[6552, 16080]
[1896, 16109]
[2248, 16114]
[4224, 16125]
[3848, 16146]
[820, 16168]
[2296, 16170]
[6772, 16184]
[1112, 16204]
[1076, 16222]
[412, 16229]
[432, 16249]
[1324, 16255]
[2356, 16279]
[7604, 16305]
[928, 16313]
[172, 16327]
[3444, 16328]
[6812, 16353]
[2204, 16365]
[1204, 16370]
[15612, 16371]
[20608, 16376]
[9964, 16405]
[8860, 16409]
[4192, 16426]
[1984, 16451]
[6124, 16470]
[5748, 16489]
[4844, 16490]
[4960, 16505]
[940, 16535]
[2644, 16551]
[684, 16572]
[3964, 16591]
[8692, 16599]
[2796, 16623]
[3588, 16651]
[44, 16675]
[204, 16697]
[1492, 16718]
[1816, 16747]
[784, 16751]
[0, 16754]
[1320, 16773]
[5196, 16801]
[2172, 16822]
[2524, 16830]
[2748, 16850]
[4656, 16858]
[4032, 16884]
[4380, 16890]
[4940, 16899]
[492, 16923]
[872, 16928]
[5008, 16954]
[4856, 16966]
[172, 16971]
[24, 16988]
[708, 16995]
[772, 17007]
[7944, 17031]
[5368, 17042]
[140, 17043]
[428, 17065]
[1824, 17092]
[2384, 17117]
[364, 17139]
[2396, 17141]
[3620, 17146]
[8876, 17155]
[1256, 17183]
[1644, 17185]
[4160, 17215]
[700, 17218]
[2412, 17235]
[2636, 17248]
[1140, 17267]
[220, 17275]
[3052, 17286]
[5220, 17307]
[4396, 17324]
[1832, 17328]
[356, 17347]
[1808, 17349]
[1292, 17378]
[3640, 17402]
[3312, 17421]
[1972, 17429]
[1556, 17434]
[756, 17453]
[340, 17476]
[3448, 17502]
[2292, 17510]
[60, 17520]
[1520, 17525]
[2156, 17533]
[84, 17557]
[2220, 17558]
[2612, 17564]
[4704, 17583]
[1604, 17598]
[700, 17602]
[608, 17624]
[412, 17638]
[292, 17641]
[3660, 17659]
[5288, 17675]
[5852, 17696]
[1232, 17711]
[700, 17720]
[1152, 17744]
[948, 17752]
[1152, 17764]
[8532, 17787]
[6332, 17806]
[7852, 17836]
[756, 17843]
[164, 17866]
[3228, 17867]
[3640, 17871]
[6300, 17889]
[3404, 17917]
[4164, 17920]
[8512, 17949]
[4148, 17958]
[156, 17971]
[1284, 17981]
[2856, 18010]
[556, 18016]
[3404, 18020]
[4164, 18023]
[9344, 18029]
[10284, 18048]
[9760, 18061]
[9516, 18066]
[6380, 18072]
[956, 18076]
[2832, 18085]
[6520, 18104]
[2460, 18127]
[5020, 18153]
[1100, 18172]
[756, 18187]
[1936, 18205]
[828, 18224]
[1076, 18250]
[552, 18265]
[484, 18276]
[1400, 18279]
[1844, 18294]
[2332, 18303]
[5888, 18320]
[3476, 18342]
[892, 18363]
[3680, 18391]
[3292, 18395]
[2332, 18401]
[1132, 18421]
[1652, 18441]
[300, 18459]
[4980, 18460]
[5920, 18479]
[1152, 18506]
[6604, 18528]
[5220, 18541]
[4476, 18554]
[2092, 18560]
[1248, 18571]
[888, 18574]
[2400, 18586]
[3512, 18614]
[1976, 18637]
[696, 18649]
[764, 18660]
[1108, 18684]
[892, 18692]
[3920, 18719]
[1396, 18732]
[15024, 18744]
[9572, 18767]
[1152, 18775]
[1408, 18797]
[184, 18808]
[2268, 18816]
[3404, 18830]
[2464, 18854]
[1652, 18878]
[4020, 18900]
[1152, 18914]
[684, 18937]
[3444, 18962]
[1152, 18991]
[888, 19011]
[264, 19034]
[4380, 19035]
[5196, 19063]
[3920, 19070]
[3640, 19083]
[480, 19108]
[700, 19135]
[3500, 19144]
[1808, 19167]
[888, 19193]
[1948, 19222]
[180, 19226]
[3408, 19227]
[4264, 19255]
[3008, 19277]
[2188, 19303]
[1808, 19310]
[5968, 19320]
[100, 19349]
[2460, 19350]
[7732, 19369]
[12048, 19395]
[7460, 19414]
[7156, 19430]
[368, 19432]
[3712, 19438]
[5280, 19445]
[10240, 19475]
[7732, 19483]
[3840, 19486]
[3516, 19497]
[4236, 19518]
[668, 19530]
[1152, 19560]
[696, 19566]
[280, 19579]
[3064, 19604]
[8512, 19622]
[1116, 19636]
[1284, 19658]
[1152, 19678]
[848, 19693]
[184, 19700]
[3444, 19701]
[5856, 19709]
[1132, 19732]
[2740, 19754]
[2272, 19764]
[1428, 19778]
[524, 19787]
[20, 19816]
[1404, 19817]
[4212, 19833]
[6364, 19840]
[2036, 19864]
[4836, 19883]
[2652, 19903]
[1044, 19921]
[448, 19934]
[1748, 19946]
[1772, 19956]
[5252, 19972]
[1612, 19992]
[996, 20001]
[480, 20014]
[1192, 20035]
[5252, 20062]
[6364, 20072]
[5236, 20100]
[4620, 20103]
[4220, 20132]
[604, 20152]
[4628, 20155]
[5992, 20168]
[2992, 20194]
[3508, 20202]
[3804, 20227]
[1208, 20251]
[3120, 20258]
[4228, 20285]
[5996, 20293]
[5724, 20316]
[4544, 20317]
[852, 20332]
[2304, 20360]
[392, 20383]
[6012, 20384]
[7772, 20385]
[9660, 20402]
[9604, 20417]
[5804, 20422]
[5540, 20423]
[2204, 20424]
[884, 20449]
[1268, 20475]
[372, 20485]
[992, 20491]
[2268, 20515]
[504, 20534]
[2652, 20554]
[4620, 20556]
[6636, 20581]
[4620, 20596]
[2740, 20621]
[3664, 20648]
[5164, 20666]
[1860, 20688]
[7764, 20694]
[348, 20721]
[76, 20734]
[136, 20764]
[2868, 20765]
[4240, 20778]
[2388, 20806]
[2268, 20820]
[3964, 20846]
[2368, 20876]
[6500, 20891]
[5196, 20908]
[2116, 20918]
[3296, 20927]
[6916, 20950]
[116, 20970]
[2652, 20971]
[4620, 20973]
[10456, 20978]
[10556, 20994]
[8196, 21020]
[6368, 21033]
[2268, 21043]
[4588, 21073]
[3956, 21103]
[7372, 21122]
[252, 21139]
[456, 21153]
[684, 21167]
[684, 21189]
[684, 21211]
[3328, 21239]
[380, 21251]
[4316, 21272]
[6312, 21295]
[684, 21312]
[5244, 21322]
[2132, 21343]
[2436, 21367]
[2188, 21375]
[884, 21396]
[812, 21426]
[1352, 21445]
[6520, 21460]
[13376, 21471]
[1020, 21493]
[4248, 21500]
[6864, 21518]
[7144, 21528]
[7444, 21548]
[684, 21559]
[4668, 21584]
[3892, 21593]
[3584, 21609]
[3356, 21625]
[3112, 21651]
[1480, 21666]
[3584, 21681]
[3644, 21708]
[1336, 21714]
[4780, 21732]
[3964, 21748]
[684, 21759]
[4876, 21771]
[4860, 21796]
[408, 21806]
[6084, 21807]
[8804, 21808]
[20116, 21828]
[16364, 21841]
[1140, 21842]
[1140, 21853]
[1652, 21877]
[700, 21890]
[4600, 21895]
[516, 21923]
[960, 21941]
[3252, 21958]
[3508, 21973]
[1424, 21991]
[1092, 22015]
[156, 22022]
[1140, 22044]
[2492, 22062]
[700, 22085]
[2368, 22100]
[984, 22119]
[300, 22124]
[748, 22152]
[2124, 22178]
[1092, 22201]
[420, 22220]
[836, 22238]
[1772, 22241]
[5984, 22265]
[984, 22276]
[300, 22281]
[4968, 22282]
[6520, 22298]
[2268, 22315]
[236, 22343]
[4152, 22344]
[4968, 22352]
[5188, 22380]
[4204, 22383]
[84, 22391]
[796, 22397]
[960, 22416]
[5292, 22443]
[3508, 22447]
[860, 22452]
[924, 22459]
[960, 22478]
[2468, 22482]
[2544, 22510]
[608, 22522]
[1012, 22546]
[10252, 22562]
[6068, 22591]
[500, 22594]
[80, 22597]
[2196, 22598]
[4752, 22628]
[2992, 22652]
[2268, 22660]
[2508, 22672]
[4316, 22691]
[20368, 22706]
[17968, 22726]
[1832, 22731]
[4984, 22758]
[3736, 22778]
[2572, 22786]
[860, 22790]
[5196, 22804]
[3852, 22828]
[364, 22850]
[4220, 22852]
[4668, 22864]
[7404, 22884]
[1580, 22896]
[1852, 22903]
[2360, 22909]
[5284, 22912]
[5856, 22925]
[476, 22945]
[780, 22954]
[2172, 22983]
[892, 22991]
[3852, 23004]
[4068, 23020]
[4576, 23049]
[2016, 23067]
[716, 23071]
[528, 23078]
[1836, 23096]
[1836, 23122]
[3948, 23145]
[620, 23164]
[832, 23178]
[1068, 23188]
[4076, 23199]
[3740, 23219]
[2508, 23223]
[4200, 23236]
[6192, 23240]
[6004, 23268]
[480, 23273]
[868, 23295]
[2748, 23316]
[832, 23345]
[236, 23355]
[1196, 23362]
[4220, 23380]
[1788, 23402]
[1216, 23405]
[2424, 23426]
[324, 23456]
[60, 23464]
[24, 23469]
[1548, 23470]
[3740, 23480]
[6184, 23504]
[4992, 23512]
[3292, 23521]
[740, 23544]
[8416, 23561]
[7904, 23579]
[2132, 23584]
[2136, 23606]
[3948, 23624]
[2768, 23639]
[620, 23642]
[2608, 23654]
[324, 23675]
[2068, 23698]
[2292, 23724]
[152, 23748]
[1656, 23764]
[1324, 23783]
[1272, 23788]
[700, 23793]
[156, 23821]
[632, 23829]
[116, 23853]
[300, 23877]
[280, 23888]
[128, 23908]
[2188, 23914]
[4432, 23916]
[9628, 23931]
[8112, 23948]
[4980, 23950]
[4156, 23956]
[1400, 23970]
[504, 23990]
[3044, 24016]
[828, 24022]
[4156, 24024]
[44, 24054]
[248, 24057]
[4308, 24058]
[4492, 24086]
[2136, 24090]
[552, 24109]
[2172, 24138]
[2092, 24140]
[532, 24159]
[600, 24177]
[924, 24200]
[1992, 24227]
[372, 24246]
[1324, 24272]
[372, 24295]
[3488, 24301]
[5148, 24328]
[372, 24336]
[3452, 24342]
[3936, 24349]
[4724, 24377]
[4664, 24381]
[372, 24384]
[3764, 24386]
[6192, 24394]
[3100, 24417]
[2912, 24419]
[4808, 24444]
[372, 24461]
[4472, 24463]
[4604, 24465]
[7732, 24491]
[5916, 24498]
[280, 24504]
[2924, 24515]
[6908, 24531]
[5460, 24554]
[1376, 24555]
[864, 24566]
[3052, 24583]
[1652, 24597]
[4576, 24618]
[1132, 24628]
[3680, 24640]
[5036, 24643]
[1652, 24671]
[996, 24687]
[1740, 24716]
[2172, 24726]
[2296, 24728]
[4524, 24742]
[2144, 24762]
[8492, 24792]
[500, 24804]
[940, 24831]
[1820, 24856]
[1884, 24885]
[1692, 24903]
[7112, 24927]
[5456, 24939]
[1328, 24940]
[2560, 24965]
[320, 24975]
[3920, 24997]
[516, 25008]
[140, 25036]
[3000, 25037]
[4648, 25058]
[864, 25077]
[448, 25096]
[320, 25120]
[4536, 25136]
[524, 25154]
[7608, 25155]
[9880, 25172]
[5196, 25186]
[6636, 25205]
[5500, 25217]
[1664, 25218]
[1244, 25244]
[468, 25246]
[44, 25276]
[1944, 25277]
[2188, 25291]
[2300, 25303]
[3160, 25311]
[3900, 25317]
[6452, 25336]
[6636, 25345]
[7612, 25367]
[2748, 25378]
[1152, 25389]
[528, 25395]
[3680, 25402]
[4256, 25410]
[6092, 25431]
[420, 25446]
[2644, 25449]
[2856, 25451]
[3620, 25470]
[2028, 25482]
[620, 25500]
[396, 25510]
[1048, 25530]
[252, 25551]
[892, 25556]
[1692, 25578]
[444, 25598]
[2476, 25610]
[40, 25633]
[1692, 25634]
[2476, 25658]
[1112, 25678]
[3200, 25692]
[1500, 25712]
[444, 25727]
[924, 25756]
[444, 25778]
[5244, 25793]
[4252, 25809]
[1140, 25813]
[2992, 25836]
[1788, 25849]
[1788, 25876]
[476, 25887]
[2104, 25917]
[15220, 25930]
[14536, 25951]
[12916, 25953]
[7248, 25957]
[1704, 25976]
[92, 25978]
[476, 25992]
[6912, 25993]
[10300, 26016]
[10552, 26045]
[268, 26049]
[476, 26052]
[444, 26081]
[280, 26106]
[128, 26135]
[324, 26156]
[316, 26186]
[5136, 26187]
[7140, 26193]
[444, 26222]
[428, 26237]
[160, 26259]
[488, 26275]
[972, 26295]
[2936, 26314]
[4480, 26326]
[4536, 26331]
[1680, 26357]
[6044, 26385]
[2488, 26401]
[3676, 26409]
[4412, 26412]
[5052, 26431]
[688, 26461]
[480, 26480]
[692, 26495]
[188, 26511]
[3468, 26512]
[5300, 26531]
[108, 26558]
[2640, 26559]
[5136, 26561]
[6520, 26566]
[7712, 26569]
[4464, 26597]
[748, 26623]
[5960, 26643]
[1152, 26660]
[2104, 26667]
[2688, 26684]
[6124, 26698]
[6124, 26717]
[9140, 26718]
[9532, 26738]
[6532, 26750]
[460, 26757]
[80, 26786]
[2220, 26787]
[2900, 26813]
[4300, 26821]
[1232, 26844]
[948, 26869]
[248, 26898]
[2204, 26924]
[6196, 26951]
[924, 26961]
[268, 26975]
[476, 26978]
[6912, 26979]
[10300, 27002]
[9692, 27010]
[268, 27039]
[476, 27042]
[6520, 27059]
[9848, 27065]
[2900, 27092]
[1832, 27113]
[7336, 27131]
[3520, 27147]
[268, 27149]
[476, 27152]
[2640, 27165]
[3156, 27188]
[2692, 27199]
[268, 27218]
[476, 27221]
[2256, 27240]
[1392, 27259]
[916, 27266]
[748, 27273]
[112, 27276]
[476, 27293]
[1488, 27310]
[4640, 27314]
[4964, 27331]
[364, 27352]
[2204, 27354]
[2640, 27359]
[3260, 27373]
[476, 27397]
[248, 27424]
[248, 27440]
[248, 27456]
[248, 27472]
[2396, 27482]
[2632, 27503]
[3396, 27526]
[2192, 27538]
[232, 27567]
[4116, 27568]
[8032, 27573]
[9580, 27591]
[1616, 27606]
[312, 27633]
[1364, 27656]
[1040, 27664]
[244, 27689]
[220, 27695]
[476, 27710]
[604, 27715]
[2204, 27718]
[2644, 27745]
[692, 27763]
[1804, 27782]
[7080, 27811]
[6352, 27816]
[1024, 27828]
[244, 27843]
[2268, 27854]
[156, 27876]
[944, 27906]
[3964, 27913]
[1024, 27939]
[4716, 27942]
[4944, 27970]
[3240, 27976]
[268, 27981]
[476, 27984]
[2848, 28009]
[476, 28021]
[1240, 28039]
[9052, 28057]
[5208, 28072]
[3372, 28076]
[476, 28084]
[248, 28111]
[924, 28129]
[4412, 28137]
[2268, 28160]
[1868, 28189]
[476, 28210]
[2640, 28223]
[5136, 28225]
[6920, 28255]
[476, 28265]
[2668, 28274]
[312, 28303]
[556, 28331]
[3404, 28335]
[4164, 28338]
[7004, 28362]
[536, 28372]
[380, 28376]
[5988, 28377]
[7484, 28378]
[10284, 28405]
[6308, 28414]
[412, 28422]
[6396, 28423]
[6920, 28445]
[468, 28469]
[432, 28485]
[476, 28501]
[2668, 28510]
[252, 28533]
[692, 28548]
[6524, 28574]
[6012, 28601]
[4396, 28612]
[4396, 28620]
[476, 28644]
[2872, 28661]
[2204, 28676]
[7324, 28678]
[8008, 28701]
[1628, 28715]
[476, 28743]
[888, 28773]
[2800, 28793]
[1932, 28804]
[1216, 28831]
[1152, 28838]
[5032, 28842]
[9044, 28851]
[9232, 28869]
[8516, 28884]
[2988, 28893]
[1092, 28915]
[6988, 28934]
[6876, 28947]
[5656, 28959]
[3548, 28960]
[316, 28977]
[2668, 28983]
[7092, 29010]
[1324, 29018]
[244, 29025]
[1140, 29042]
[1148, 29055]
[4524, 29064]
[1248, 29091]
[476, 29105]
[2204, 29134]
[1760, 29152]
[1520, 29176]
[2960, 29182]
[7372, 29195]
[7864, 29215]
[2984, 29238]
[476, 29244]
[524, 29266]
[2492, 29293]
[1972, 29301]
[1820, 29307]
[692, 29311]
[2856, 29334]
[208, 29348]
[3244, 29353]
[7864, 29374]
[2984, 29397]
[476, 29403]
[476, 29414]
[5888, 29433]
[6500, 29434]
[2252, 29464]
[224, 29479]
[3948, 29480]
[1868, 29510]
[7724, 29521]
[8508, 29528]
[2464, 29553]
[860, 29561]
[1152, 29578]
[4748, 29588]
[6844, 29598]
[5444, 29619]
[1016, 29620]
[476, 29641]
[1316, 29658]
[1164, 29680]
[4268, 29706]
[6160, 29724]
[1828, 29741]
[480, 29762]
[2644, 29772]
[4204, 29792]
[4500, 29810]
[7392, 29815]
[7444, 29842]
[684, 29853]
[4668, 29878]
[3892, 29887]
[4192, 29899]
[1316, 29918]
[1164, 29940]
[4268, 29966]
[6160, 29984]
[1828, 30001]
[480, 30022]
[2644, 30032]
[4204, 30052]
[12300, 30055]
[5364, 30084]
[212, 30085]
[2368, 30106]
[476, 30122]
[3108, 30140]
[3836, 30154]
[3676, 30184]
[476, 30192]
[2268, 30220]
[476, 30245]
[2524, 30269]
[476, 30287]
[364, 30306]
[476, 30334]
[2452, 30349]
[6556, 30364]
[4828, 30382]
[4716, 30388]
[2428, 30396]
[224, 30399]
[912, 30416]
[488, 30430]
[2572, 30445]
[2532, 30468]
[700, 30482]
[1620, 30496]
[2588, 30526]
[396, 30533]
[6144, 30534]
[6908, 30554]
[6248, 30584]
[944, 30597]
[232, 30607]
[4116, 30608]
[6972, 30615]
[740, 30644]
[10068, 30645]
[12748, 30660]
[14564, 30684]
[3156, 30691]
[5424, 30721]
[764, 30722]
[9808, 30726]
[10040, 30735]
[6364, 30758]
[3520, 30764]
[1152, 30771]
[2396, 30793]
[1132, 30814]
[588, 30817]
[6940, 30842]
[1152, 30856]
[300, 30876]
[4980, 30877]
[6912, 30888]
[3368, 30915]
[352, 30924]
[524, 30949]
[1152, 30977]
[936, 30991]
